workspace/datasets/gnss/ZIM/codg2900.18i
     1.0            IONOSPHERE MAPS     GNSS                IONEX VERSION / TYPE
ADDNEQ2 V5.3        AIUB                21-OCT-18 20:04     PGM / RUN BY / DATE 
CODE'S GLOBAL IONOSPHERE MAPS FOR DAY 290, 2018             COMMENT             
Global ionosphere maps (GIM) are generated on a daily basis DESCRIPTION         
at CODE using data from about 300 GNSS sites of the IGS and DESCRIPTION         
other institutions. The vertical total electron content     DESCRIPTION         
(VTEC) is modeled in a solar-geomagnetic reference frame    DESCRIPTION         
using a spherical harmonics expansion up to degree and      DESCRIPTION         
order 15. Piece-wise linear functions are used for          DESCRIPTION         
representation in the time domain. The time spacing of      DESCRIPTION         
their vertices is 1 hour, conforming with the epochs of the DESCRIPTION         
VTEC maps.                                                  DESCRIPTION         
To convert line-of-sight TEC into vertical TEC, a modified  DESCRIPTION         
single-layer model mapping function approximating the JPL   DESCRIPTION         
extended slab model mapping function is adopted. The        DESCRIPTION         
mapping function is evaluated at geodetic satellite         DESCRIPTION         
elevation angles. For the computation of the ionospheric    DESCRIPTION         
pierce points, a spherical layer with a radius of 6821 km   DESCRIPTION         
is assumed, implying geocentric, not geodetic IONEX         DESCRIPTION         
latitudes.                                                  DESCRIPTION         
Instrumental biases with respect to each involved GNSS code DESCRIPTION         
observable are estimated as constant values for each        DESCRIPTION         
day. They are modeled with one set of bias parameters for   DESCRIPTION         
each satellite and each station in case of GPS and for each DESCRIPTION         
satellite-station link in case of GLONASS. The code bias    DESCRIPTION         
datum is defined by zero-mean conditions imposed on the     DESCRIPTION         
satellite bias estimates. In this file, just GPS C1W-C2W    DESCRIPTION         
satellite and station bias values are included. The         DESCRIPTION         
complete set of GNSS code bias results is provided in an    DESCRIPTION         
additional Bias-SINEX file as pseudo-absolute values        DESCRIPTION         
specific to each observable.                                DESCRIPTION         
Note: These GIM results correspond to the results for the   DESCRIPTION         
middle day of a 3-day combination analysis solving for 73   DESCRIPTION         
times 256, or 18688 VTEC parameters and 3 daily sets of     DESCRIPTION         
GNSS code bias parameters.                                  DESCRIPTION         
Contact address: code(at)aiub.unibe.ch                      DESCRIPTION         
Data archive:    ftp.aiub.unibe.ch/CODE/                    DESCRIPTION         
                 www.aiub.unibe.ch/download/CODE/           DESCRIPTION         
  2018    10    17     0     0     0                        EPOCH OF FIRST MAP  
  2018    10    18     0     0     0                        EPOCH OF LAST MAP   
  3600                                                      INTERVAL            
[...]
dav1 dgar dhlg drao dubo ebre eprt faa1 fair flin flrs frdn COMMENT             
ftna func ganp glps glsv gmsd godz gol2 gope gras graz guam COMMENT             
guat guug harb hers hert hlfx hnlc hnpt hob2 hofn holb hrao COMMENT             
hyde iddr ieng iisc impz ineg invk iqal irkj isba jog2 joz2 COMMENT             
karr kerg kir0 kiri kiru kit3 kokb kokv kour krgg lama lhaz COMMENT             
lmmf lpal lpgs m0se mac1 madr mag0 maju mal2 mana mas1 mat1 COMMENT             
mate maui maw1 mcm4 mdo1 mdvj mets mgue mizu mkea mnls mobj COMMENT             
mobk mobs monp morp mro1 mtka nain nano naur nico nist nium COMMENT             
nklg not1 novm nrc1 nril ntus nya1 nyal ohi2 ohi3 onsa opmt COMMENT             
ous2 pado parc park pbri pdel penc pert pfa2 pie1 pimo pohn COMMENT             
polv pots pove prds ptag ptbb qaq1 quin rabt ramo rbay reun COMMENT             
rgdg rio2 riop roth salu samo sant savo sch2 scor scrz sctb COMMENT             
seyg sfer shao sofi spt0 sthl stjo str2 suth sutm suwn sydn COMMENT             
syog tabv tash tehn thtg thti thu2 thu3 tid1 tidb tixg tixi COMMENT             
tlse tn22 tnml tong tow2 tro1 tsea tuva twtf txes uclu ufpr COMMENT             
ulab unb3 unbj unsa urum usn7 usud vaco vald vill voim vtsp COMMENT             
wab1 wab2 wark wes2 wgtn whit will wind wsrt wtza wtzr wtzs COMMENT             
wtzz yakt yar2 yar3 yarr yell yssk zamb zeck zim2 zim3 zimj COMMENT             
zimm                                                        COMMENT             
                                                            END OF HEADER       
[from data line 4290]
    11                                                      START OF TEC MAP    
  2018    10    17    10     0     0                        EPOCH OF CURRENT MAP
    87.5-180.0 180.0   5.0 450.0                            LAT/LON1/LON2/DLON/H
   24   24   24   24   24   24   24   24   24   24   24   24   24   24   24   24
   24   24   24   24   24   24   24   25   25   25   25   25   26   26   26   26
   26   26   26   27   27   27   27   27   27   27   27   27   26   26   26   26
   26   26   26   25   25   25   25   25   25   25   24   24   24   24   24   24
   24   24   24   24   24   24   24   24   24
    85.0-180.0 180.0   5.0 450.0                            LAT/LON1/LON2/DLON/H
   23   23   23   23   23   23   23   23   22   22   22   21   21   21   21   20
   20   21   21   21   21   22   22   23   23   24   24   25   26   26   27   27
   28   28   28   29   29   29   29   29   29   29   29   28   28   28   28   27
   27   27   26   26   25   25   25   24   24   23   23   22   22   22   22   21
   21   21   21   22   22   22   22   22   23
    82.5-180.0 180.0   5.0 450.0                            LAT/LON1/LON2/DLON/H
   21   22   22   22   22   22   22   21   21   20   19   18   17   17   16   16
   16   16   16   17   18   18   19   20   21   23   24   25   26   27   28   29
   30   30   31   31   32   32   32   32   31   31   31   31   30   30   30   29
   29   29   28   28   27   26   25   25   24   23   22   21   20   19   18   18
   18   17   18   18   18   19   20   20   21
    80.0-180.0 180.0   5.0 450.0                            LAT/LON1/LON2/DLON/H
   19   21   22   22   22   22   22   21   19   18   16   15   13   12   11   11
   11   11   12   13   14   16   17   19   20   22   24   25   27   28   30   31
   32   33   34   35   35   35   35   35   35   35   34   34   34   33   33   33
   33   32   32   31   31   30   28   27   25   24   22   20   18   16   15   14
   13   13   13   13   14   15   17   18   19
    77.5-180.0 180.0   5.0 450.0                            LAT/LON1/LON2/DLON/H
   17   19   21   22   22   22   21   20   18   16   14   12   10    8    7    7
    7    8    9   11   13   14   16   18   20   22   24   26   28   30   32   33
   35   37   38   39   39   39   39   39   39   38   38   38   38   37   37   38
   38   38   37   37   36   35   34   32   29   27   24   21   18   15   13   11
    9    8    8    9   10   11   13   15   17
    75.0-180.0 180.0   5.0 450.0                            LAT/LON1/LON2/DLON/H
   15   18   20   21   22   22   21   20   17   15   12    9    7    6    5    5
    6    7    9   11   13   15   17   19   21   23   25   26   29   31   33   35
   37   39   41   42   43   44   44   43   43   43   42   42   42   42   43   43
   44   44   44   44   43   42   40   37   34   31   27   24   20   16   12    9
    7    6    5    5    6    7   10   12   15
    72.5-180.0 180.0   5.0 450.0                            LAT/LON1/LON2/DLON/H
   13   16   18   20   22   22   21   19   17   14   11    8    6    5    4    5
    6    8   11   13   16   18   20   21   23   24   25   27   29   31   34   37
   39   42   44   45   46   47   47   47   47   46   46   46   46   47   48   48
   49   50   50   50   49   48   45   43   39   36   32   27   23   19   14   11
    8    5    4    3    4    5    7   10   13
    70.0-180.0 180.0   5.0 450.0                            LAT/LON1/LON2/DLON/H
   11   13   16   18   20   21   20   18   16   13   11    8    7    6    6    7
    9   11   14   17   19   21   22   23   24   24   25   27   29   31   34   37
   41   44   46   48   49   49   49   49   49   49   49   49   50   51   52   53
   54   54   55   54   53   51   49   46   43   39   35   31   27   23   19   15
   11    8    6    5    4    5    6    8   11
    67.5-180.0 180.0   5.0 450.0                            LAT/LON1/LON2/DLON/H
    9   11   14   16   17   18   18   17   15   13   11    9    8    8    9   10
   12   15   17   19   21   22   23   23   24   24   25   26   29   31   35   38
   42   45   47   49   50   50   50   50   51   51   51   52   53   54   55   56
   57   57   57   56   55   52   50   47   43   40   37   34   31   28   24   21
   17   14   11    9    8    7    7    8    9
    65.0-180.0 180.0   5.0 450.0                            LAT/LON1/LON2/DLON/H
    9   10   11   13   15   15   15   15   13   12   10   10    9   10   11   13
   15   16   18   19   20   21   21   21   22   23   24   26   29   32   36   40
   43   46   48   50   50   50   50   50   51   52   53   54   55   56   57   58
   58   58   58   56   54   51   48   45   42   40   38   36   35   33   30   27
   25   22   19   16   14   12   10    9    9
    62.5-180.0 180.0   5.0 450.0                            LAT/LON1/LON2/DLON/H
   11   10   11   12   13   13   13   13   12   11   10   10   11   12   13   15
   16   16   17   17   17   17   17   18   19   21   23   26   30   34   38   42
   45   48   50   50   50   50   50   50   51   52   54   55   57   58   59   59
   60   59   58   56   53   50   46   43   40   39   38   38   38   37   36   34
   32   30   27   25   21   18   15   12   11
    60.0-180.0 180.0   5.0 450.0                            LAT/LON1/LON2/DLON/H
   15   13   13   13   13   14   13   12   11   11   10   11   12   13   14   15
   15   15   14   12   11   11   11   13   16   19   23   27   32   37   41   45
   49   51   52   52   52   51   51   51   52   54   56   58   59   60   61   62
   62   62   61   58   55   50   46   42   40   39   39   40   41   41   40   39
   38   37   35   33   29   26   21   17   15
    57.5-180.0 180.0   5.0 450.0                            LAT/LON1/LON2/DLON/H
   21   19   18   18   18   17   16   14   13   12   11   12   13   14   15   15
   14   12   10    8    6    6    7    9   13   19   24   30   35   41   45   49
   52   54   55   55   55   54   54   54   56   58   60   62   63   64   65   66
   67   67   66   63   60   55   50   46   43   42   43   44   45   45   44   43
   42   41   41   39   37   33   29   24   21
    55.0-180.0 180.0   5.0 450.0                            LAT/LON1/LON2/DLON/H
   29   27   27   27   26   24   22   19   17   15   14   14   15   15   15   15
   13   11    8    6    4    3    5    8   14   20   27   34   40   45   49   53
   56   59   60   61   60   60   60   60   62   64   66   68   69   71   72   73
   74   75   74   73   69   64   58   54   51   49   49   50   50   49   47   45
   44   44   44   44   43   40   36   32   29
    52.5-180.0 180.0   5.0 450.0                            LAT/LON1/LON2/DLON/H
   38   38   38   38   37   34   31   27   23   21   19   18   17   17   17   16
   14   12   10    7    5    5    7   11   17   24   32   38   44   49   53   57
   60   64   66   68   68   69   69   70   71   73   75   77   78   79   80   82
   84   85   86   84   81   76   70   65   61   59   58   57   56   53   50   47
   45   45   47   48   48   46   43   40   38
    50.0-180.0 180.0   5.0 450.0                            LAT/LON1/LON2/DLON/H
   48   49   50   51   49   46   41   36   32   28   26   24   22   21   20   19
   18   16   15   13   12   12   13   17   23   30   37   43   48   52   55   59
   64   68   73   76   79   80   81   82   83   85   86   87   88   89   91   92
   94   96   97   96   93   88   82   77   73   70   67   65   62   58   53   48
   46   46   48   50   51   51   49   48   48
    47.5-180.0 180.0   5.0 450.0                            LAT/LON1/LON2/DLON/H
   55   58   61   62   60   56   51   46   41   37   34   31   29   26   25   24
   24   24   24   24   23   22   23   26   30   37   43   48   51   54   57   61
   67   73   80   85   90   93   95   96   97   98   99   99  100  100  101  103
  104  106  107  105  102   98   93   87   83   79   75   72   67   62   56   51
   48   48   50   52   54   53   53   53   55
    45.0-180.0 180.0   5.0 450.0                            LAT/LON1/LON2/DLON/H
   59   64   67   68   66   62   57   53   49   46   43   40   36   34   32   31
   32   33   35   36   36   35   34   35   39   44   49   52   55   57   59   64
   70   78   87   94  101  105  108  109  110  111  111  111  111  111  111  112
  113  114  113  111  108  103   99   94   89   85   80   76   71   66   60   54
   51   50   52   54   55   55   54   55   59
    42.5-180.0 180.0   5.0 450.0                            LAT/LON1/LON2/DLON/H
   59   65   69   69   67   62   58   56   54   53   51   48   45   42   40   39
   40   43   46   48   48   47   44   44   46   50   54   57   58   60   62   67
   74   84   93  102  110  115  119  121  122  122  122  122  121  120  120  120
  120  119  117  113  109  105  101   96   92   87   82   77   73   68   63   59
   56   54   55   56   55   54   53   55   59
    40.0-180.0 180.0   5.0 450.0                            LAT/LON1/LON2/DLON/H
   56   61   65   65   62   57   55   54   55   56   56   55   53   50   48   47
   49   52   56   58   58   56   52   50   51   54   58   61   63   64   66   72
   80   89  100  109  117  123  128  130  132  132  132  131  130  129  128  128
  127  124  120  115  109  104  100   97   92   87   81   76   73   70   67   64
   61   59   58   57   55   52   50   51   56
    37.5-180.0 180.0   5.0 450.0                            LAT/LON1/LON2/DLON/H
   50   55   58   57   53   49   47   49   53   57   59   60   59   58   56   55
   56   59   62   64   64   60   56   53   54   58   63   66   68   70   72   78
   86   96  106  115  123  129  134  137  139  140  140  138  137  136  136  136
  135  133  127  120  113  107  103   99   94   87   80   75   72   71   70   68
   66   63   61   58   54   49   46   46   50
    35.0-180.0 180.0   5.0 450.0                            LAT/LON1/LON2/DLON/H
   44   48   50   47   43   39   39   43   49   55   59   63   64   64   64   62
   62   63   65   67   65   61   56   53   55   60   67   72   75   76   79   85
   93  102  111  120  127  133  138  142  145  147  146  145  144  144  146  148
  149  147  142  134  125  117  111  106  100   92   83   76   72   72   73   72
   70   66   63   58   53   47   42   41   44
    32.5-180.0 180.0   5.0 450.0                            LAT/LON1/LON2/DLON/H
   41   43   44   41   36   33   33   37   44   52   58   63   67   69   69   68
   66   65   66   66   63   59   54   52   55   63   71   77   80   83   86   91
   99  108  117  124  131  137  142  147  151  153  152  151  151  154  160  166
  170  171  167  159  149  139  130  122  113  102   90   81   77   76   77   76
   73   69   64   59   53   46   41   39   41
    30.0-180.0 180.0   5.0 450.0                            LAT/LON1/LON2/DLON/H
   42   43   43   40   35   32   32   36   42   49   56   62   68   72   73   71
   69   66   64   63   60   55   51   51   56   65   74   81   85   87   91   96
  104  114  122  130  136  142  148  154  158  159  159  159  161  167  178  189
  199  205  204  196  184  171  159  147  135  120  104   92   85   83   83   81
   77   71   66   61   55   49   44   41   42
    27.5-180.0 180.0   5.0 450.0                            LAT/LON1/LON2/DLON/H
   48   49   49   46   41   38   37   40   44   49   55   61   67   72   74   73
   70   66   63   60   56   52   49   50   56   66   76   83   87   89   92   99
  108  118  128  137  144  151  157  163  167  168  167  168  173  184  200  218
  235  245  248  242  229  212  195  178  162  143  124  109   99   95   92   88
   81   75   69   65   61   56   51   49   48
    25.0-180.0 180.0   5.0 450.0                            LAT/LON1/LON2/DLON/H
   60   60   59   57   53   50   48   48   49   52   56   61   66   70   73   72
   69   65   61   57   53   50   48   50   57   67   77   83   86   87   91   99
  110  122  134  145  154  162  169  175  178  179  178  180  188  204  227  251
  273  289  295  290  275  255  232  211  190  168  147  129  117  110  104   97
   89   81   76   73   71   68   64   61   60
    22.5-180.0 180.0   5.0 450.0                            LAT/LON1/LON2/DLON/H
   75   74   73   71   69   65   62   59   57   57   59   61   64   68   69   69
   67   63   59   55   51   48   48   51   58   67   75   80   82   84   89   98
  110  126  141  155  167  176  183  189  192  192  192  195  206  227  254  283
  309  328  336  332  316  292  265  240  215  192  170  151  137  128  119  110
   99   91   86   85   85   84   81   77   75
    20.0-180.0 180.0   5.0 450.0                            LAT/LON1/LON2/DLON/H
   91   89   87   86   83   79   75   70   66   63   62   62   63   64   65   65
   63   61   57   53   50   48   48   51   58   66   73   76   77   80   86   96
  111  130  149  166  180  191  199  205  208  208  207  211  226  250  280  311
  338  358  367  363  345  319  289  260  234  210  189  171  158  147  137  126
  114  104   99   99  101  101   98   95   91
    17.5-180.0 180.0   5.0 450.0                            LAT/LON1/LON2/DLON/H
  106  102   99   96   94   89   84   77   72   68   66   64   62   60   59   59
   59   57   54   51   48   47   47   51   57   64   69   72   74   77   85   97
  114  135  156  177  193  206  215  222  225  224  224  229  245  271  302  332
  357  374  381  376  359  331  300  270  244  222  204  189  178  168  157  144
  131  120  115  115  116  117  115  110  106
    15.0-180.0 180.0   5.0 450.0                            LAT/LON1/LON2/DLON/H
  117  111  106  102   99   94   87   80   75   71   69   65   61   56   54   53
   54   53   51   49   46   45   46   50   56   62   66   69   72   78   88  101
  119  141  164  185  203  217  228  236  240  240  241  247  263  288  317  342
  362  375  380  374  357  330  300  271  247  228  214  203  195  187  176  163
  149  137  130  129  129  129  127  123  117
    12.5-180.0 180.0   5.0 450.0                            LAT/LON1/LON2/DLON/H
  123  115  109  104   99   93   86   79   74   72   70   66   60   54   50   49
   50   50   49   46   44   43   45   49   55   60   65   70   75   83   95  109
  126  147  170  192  210  225  237  246  252  254  256  263  278  300  324  343
  356  364  365  359  344  321  294  268  247  232  222  215  211  205  195  181
  166  153  144  139  138  137  134  130  123
    10.0-180.0 180.0   5.0 450.0                            LAT/LON1/LON2/DLON/H
  125  117  109  103   97   91   84   77   72   70   69   65   60   53   48   47
   47   47   47   45   43   42   43   48   54   60   67   73   81   92  105  119
  135  153  174  194  213  228  241  252  260  264  268  275  288  305  323  335
  342  345  344  339  327  309  287  267  249  236  229  226  224  220  210  196
  180  165  153  145  141  139  136  132  125
     7.5-180.0 180.0   5.0 450.0                            LAT/LON1/LON2/DLON/H
  124  117  110  103   97   91   83   76   71   68   67   64   59   53   49   47
   47   47   46   44   42   42   43   47   54   62   70   79   90  103  116  129
  143  158  176  194  211  226  239  252  262  270  275  282  292  304  315  322
  324  325  323  319  312  300  286  270  256  245  239  237  237  232  222  206
  189  172  158  147  140  136  133  130  124
     5.0-180.0 180.0   5.0 450.0                            LAT/LON1/LON2/DLON/H
  123  118  112  107  102   96   89   81   74   69   65   63   59   55   52   50
   49   48   47   45   44   43   45   49   56   66   76   87  100  113  126  137
  148  161  176  191  206  220  234  247  260  269  276  283  290  298  304  306
  307  307  307  306  304  299  291  280  268  258  251  249  247  241  228  212
  193  175  158  145  135  130  128  126  123
     2.5-180.0 180.0   5.0 450.0                            LAT/LON1/LON2/DLON/H
  122  121  119  117  114  110  103   93   83   73   66   62   59   57   56   54
   52   50   49   48   47   46   48   52   60   70   82   94  107  120  132  142
  151  161  174  187  200  212  225  239  252  263  271  278  284  288  290  292
  294  297  300  302  303  303  302  295  285  273  264  259  255  245  230  211
  191  173  156  141  130  124  122  123  122
