workspace/datasets/gnss/ZIM/codg2900.18i
     1.0            IONOSPHERE MAPS     GNSS                IONEX VERSION / TYPE
ADDNEQ2 V5.3        AIUB                21-OCT-18 20:04     PGM / RUN BY / DATE 
CODE'S GLOBAL IONOSPHERE MAPS FOR DAY 290, 2018             COMMENT             
Global ionosphere maps (GIM) are generated on a daily basis DESCRIPTION         
at CODE using data from about 300 GNSS sites of the IGS and DESCRIPTION         
other institutions. The vertical total electron content     DESCRIPTION         
(VTEC) is modeled in a solar-geomagnetic reference frame    DESCRIPTION         
using a spherical harmonics expansion up to degree and      DESCRIPTION         
order 15. Piece-wise linear functions are used for          DESCRIPTION         
representation in the time domain. The time spacing of      DESCRIPTION         
their vertices is 1 hour, conforming with the epochs of the DESCRIPTION         
VTEC maps.                                                  DESCRIPTION         
To convert line-of-sight TEC into vertical TEC, a modified  DESCRIPTION         
single-layer model mapping function approximating the JPL   DESCRIPTION         
extended slab model mapping function is adopted. The        DESCRIPTION         
mapping function is evaluated at geodetic satellite         DESCRIPTION         
elevation angles. For the computation of the ionospheric    DESCRIPTION         
pierce points, a spherical layer with a radius of 6821 km   DESCRIPTION         
is assumed, implying geocentric, not geodetic IONEX         DESCRIPTION         
latitudes.                                                  DESCRIPTION         
Instrumental biases with respect to each involved GNSS code DESCRIPTION         
observable are estimated as constant values for each        DESCRIPTION         
day. They are modeled with one set of bias parameters for   DESCRIPTION         
each satellite and each station in case of GPS and for each DESCRIPTION         
satellite-station link in case of GLONASS. The code bias    DESCRIPTION         
datum is defined by zero-mean conditions imposed on the     DESCRIPTION         
satellite bias estimates. In this file, just GPS C1W-C2W    DESCRIPTION         
satellite and station bias values are included. The         DESCRIPTION         
complete set of GNSS code bias results is provided in an    DESCRIPTION         
additional Bias-SINEX file as pseudo-absolute values        DESCRIPTION         
specific to each observable.                                DESCRIPTION         
Note: These GIM results correspond to the results for the   DESCRIPTION         
middle day of a 3-day combination analysis solving for 73   DESCRIPTION         
times 256, or 18688 VTEC parameters and 3 daily sets of     DESCRIPTION         
GNSS code bias parameters.                                  DESCRIPTION         
Contact address: code(at)aiub.unibe.ch                      DESCRIPTION         
Data archive:    ftp.aiub.unibe.ch/CODE/                    DESCRIPTION         
                 www.aiub.unibe.ch/download/CODE/           DESCRIPTION         
  2018    10    17     0     0     0                        EPOCH OF FIRST MAP  
  2018    10    18     0     0     0                        EPOCH OF LAST MAP   
  3600                                                      INTERVAL            
[...]
dav1 dgar dhlg drao dubo ebre eprt faa1 fair flin flrs frdn COMMENT             
ftna func ganp glps glsv gmsd godz gol2 gope gras graz guam COMMENT             
guat guug harb hers hert hlfx hnlc hnpt hob2 hofn holb hrao COMMENT             
hyde iddr ieng iisc impz ineg invk iqal irkj isba jog2 joz2 COMMENT             
karr kerg kir0 kiri kiru kit3 kokb kokv kour krgg lama lhaz COMMENT             
lmmf lpal lpgs m0se mac1 madr mag0 maju mal2 mana mas1 mat1 COMMENT             
mate maui maw1 mcm4 mdo1 mdvj mets mgue mizu mkea mnls mobj COMMENT             
mobk mobs monp morp mro1 mtka nain nano naur nico nist nium COMMENT             
nklg not1 novm nrc1 nril ntus nya1 nyal ohi2 ohi3 onsa opmt COMMENT             
ous2 pado parc park pbri pdel penc pert pfa2 pie1 pimo pohn COMMENT             
polv pots pove prds ptag ptbb qaq1 quin rabt ramo rbay reun COMMENT             
rgdg rio2 riop roth salu samo sant savo sch2 scor scrz sctb COMMENT             
seyg sfer shao sofi spt0 sthl stjo str2 suth sutm suwn sydn COMMENT             
syog tabv tash tehn thtg thti thu2 thu3 tid1 tidb tixg tixi COMMENT             
tlse tn22 tnml tong tow2 tro1 tsea tuva twtf txes uclu ufpr COMMENT             
ulab unb3 unbj unsa urum usn7 usud vaco vald vill voim vtsp COMMENT             
wab1 wab2 wark wes2 wgtn whit will wind wsrt wtza wtzr wtzs COMMENT             
wtzz yakt yar2 yar3 yarr yell yssk zamb zeck zim2 zim3 zimj COMMENT             
zimm                                                        COMMENT             
                                                            END OF HEADER       
[from data line 7293]
    18                                                      START OF TEC MAP    
  2018    10    17    17     0     0                        EPOCH OF CURRENT MAP
    87.5-180.0 180.0   5.0 450.0                            LAT/LON1/LON2/DLON/H
   32   32   32   33   33   33   33   33   34   34   34   34   35   35   35   35
   35   35   35   35   35   34   34   34   34   33   33   33   32   32   32   31
   31   31   31   30   30   30   30   30   30   30   30   30   30   30   31   31
   31   31   31   31   32   32   32   32   32   32   32   32   32   32   32   32
   32   32   32   32   32   32   32   32   32
    85.0-180.0 180.0   5.0 450.0                            LAT/LON1/LON2/DLON/H
   28   28   28   29   29   30   31   32   33   34   35   35   36   37   38   38
   38   38   38   38   38   38   37   36   36   35   34   33   32   31   30   30
   29   28   27   27   26   26   26   26   26   26   26   26   27   27   28   28
   29   30   30   31   31   31   31   32   32   31   31   31   31   30   30   29
   29   29   28   28   28   27   27   27   28
    82.5-180.0 180.0   5.0 450.0                            LAT/LON1/LON2/DLON/H
   20   20   21   22   23   25   26   28   30   32   34   36   38   39   41   42
   42   43   43   43   43   42   41   40   39   38   37   35   34   32   31   29
   28   26   25   24   23   23   22   22   22   22   22   22   23   24   25   26
   27   28   29   29   30   31   31   31   31   30   30   29   28   27   26   25
   24   23   22   21   21   20   20   20   20
    80.0-180.0 180.0   5.0 450.0                            LAT/LON1/LON2/DLON/H
   11   12   13   14   16   18   21   23   27   30   33   36   39   42   44   46
   47   48   48   49   48   48   47   46   45   43   41   40   38   36   34   32
   30   28   26   24   23   22   20   20   19   19   19   19   20   21   22   23
   24   25   27   28   28   29   29   29   28   28   27   25   24   23   21   19
   18   16   15   14   13   12   11   11   11
    77.5-180.0 180.0   5.0 450.0                            LAT/LON1/LON2/DLON/H
    4    4    5    6    8   11   15   18   23   27   32   36   40   44   47   49
   51   53   53   54   54   54   53   52   51   50   48   46   44   42   40   37
   35   33   30   28   26   24   22   20   19   18   17   17   17   18   18   20
   21   22   24   25   26   26   26   26   25   24   23   21   19   17   15   14
   12   10    9    7    6    5    4    4    4
    75.0-180.0 180.0   5.0 450.0                            LAT/LON1/LON2/DLON/H
    0    0    0    1    3    6   10   15   20   25   31   36   41   46   49   52
   54   56   57   58   58   59   59   58   58   57   56   54   52   50   48   45
   43   40   37   34   31   28   25   23   20   18   17   16   15   15   15   16
   17   19   20   21   22   22   22   22   21   19   18   16   14   12   11    9
    8    6    5    4    3    2    1    0    0
    72.5-180.0 180.0   5.0 450.0                            LAT/LON1/LON2/DLON/H
    0    0    0    0    1    4    8   13   18   25   31   37   43   47   51   54
   56   58   59   61   62   63   63   64   64   64   63   62   60   58   56   53
   51   48   44   41   37   34   30   27   23   20   18   15   14   13   13   13
   14   15   16   17   17   18   17   17   16   14   13   11   10    9    8    7
    6    5    4    4    3    2    2    1    0
    70.0-180.0 180.0   5.0 450.0                            LAT/LON1/LON2/DLON/H
    4    3    3    2    3    5    9   13   19   26   32   39   44   49   53   55
   57   59   60   62   64   65   67   68   69   69   68   68   66   64   62   60
   57   54   50   47   43   39   35   31   27   23   19   16   13   12   10   10
   10   11   12   13   13   13   13   12   11   10    9    8    8    7    7    7
    7    7    7    7    7    6    6    5    4
    67.5-180.0 180.0   5.0 450.0                            LAT/LON1/LON2/DLON/H
   11   10    9    8    8    9   12   17   22   29   35   42   47   51   54   56
   58   59   61   63   65   67   69   71   72   72   72   71   69   68   66   63
   60   57   53   50   46   42   38   34   30   25   21   17   14   11    9    8
    8    8    9    9    9    9    9    8    8    7    7    7    8    9    9   10
   11   11   12   12   12   12   12   12   11
    65.0-180.0 180.0   5.0 450.0                            LAT/LON1/LON2/DLON/H
   19   18   17   15   15   16   18   22   27   33   40   46   50   54   56   57
   58   60   61   63   66   68   70   72   73   73   72   71   70   68   66   64
   61   58   54   50   46   42   39   35   31   28   24   19   16   12   10    8
    7    7    7    7    7    7    6    6    6    7    8    9   10   12   14   15
   16   17   17   18   18   18   19   19   19
    62.5-180.0 180.0   5.0 450.0                            LAT/LON1/LON2/DLON/H
   25   25   24   23   23   23   25   29   34   39   45   50   54   56   58   59
   60   61   63   65   67   70   71   72   73   72   71   70   69   68   66   64
   61   58   54   49   45   42   39   36   33   30   26   23   19   15   12   10
    9    8    8    8    7    7    6    6    7    8   10   13   15   18   20   21
   22   22   22   22   22   23   24   25   25
    60.0-180.0 180.0   5.0 450.0                            LAT/LON1/LON2/DLON/H
   29   30   30   30   30   31   33   36   41   45   50   54   57   60   61   62
   64   65   67   68   70   71   72   72   72   71   70   69   69   68   67   65
   62   59   54   50   45   42   39   37   35   33   30   27   23   20   17   14
   13   12   12   11   10    9    9    9   10   12   15   18   21   24   26   27
   28   27   26   26   25   26   27   28   29
    57.5-180.0 180.0   5.0 450.0                            LAT/LON1/LON2/DLON/H
   32   34   35   36   37   38   41   44   48   52   56   59   61   63   65   66
   68   70   72   73   73   73   73   72   72   71   70   70   70   71   70   69
   67   63   58   53   48   44   41   40   39   37   36   33   30   27   24   21
   20   19   18   17   16   14   14   14   16   18   22   25   28   31   33   34
   33   32   30   29   27   27   28   30   32
    55.0-180.0 180.0   5.0 450.0                            LAT/LON1/LON2/DLON/H
   34   36   39   40   43   45   48   52   56   59   61   63   64   66   68   71
   74   76   78   78   77   76   74   73   72   72   73   74   75   77   78   77
   75   71   66   61   55   51   47   45   44   44   43   41   38   35   33   31
   29   28   27   26   24   22   22   22   24   26   30   33   36   38   39   40
   39   37   34   32   30   29   30   32   34
    52.5-180.0 180.0   5.0 450.0                            LAT/LON1/LON2/DLON/H
   36   38   41   44   47   51   56   60   64   66   67   67   67   69   72   76
   80   83   84   83   81   79   76   75   75   76   78   81   84   86   88   88
   86   83   78   73   66   61   56   54   52   52   51   50   48   45   43   42
   41   40   39   37   35   33   32   32   33   36   38   41   42   44   45   45
   44   42   39   36   34   33   33   34   36
    50.0-180.0 180.0   5.0 450.0                            LAT/LON1/LON2/DLON/H
   39   41   43   46   51   57   63   69   73   74   73   71   71   72   76   81
   85   89   89   88   85   81   79   79   80   83   86   90   94   97   99   99
   98   96   92   87   81   74   69   64   62   61   60   59   57   56   54   53
   53   52   51   49   47   45   43   43   44   46   47   48   49   49   49   50
   49   47   45   43   41   39   39   39   39
    47.5-180.0 180.0   5.0 450.0                            LAT/LON1/LON2/DLON/H
   44   44   45   49   54   62   70   77   82   82   80   77   75   76   80   85
   90   93   94   92   88   85   84   85   87   91   96  100  104  106  108  109
  109  108  106  102   96   89   82   76   72   69   68   68   67   66   65   65
   65   65   64   62   59   57   56   55   55   55   55   54   53   53   53   53
   53   53   51   50   48   47   46   45   44
    45.0-180.0 180.0   5.0 450.0                            LAT/LON1/LON2/DLON/H
   49   47   47   50   57   66   77   86   91   91   88   83   80   80   84   89
   94   97   97   95   92   90   90   93   97  101  106  109  112  113  114  114
  115  117  117  116  111  104   95   87   81   77   76   75   75   75   75   75
   76   76   75   73   71   69   67   66   65   64   62   59   57   56   56   57
   57   57   57   56   56   55   54   52   49
    42.5-180.0 180.0   5.0 450.0                            LAT/LON1/LON2/DLON/H
   53   49   48   51   58   69   82   93   99  100   97   91   87   86   89   93
   97  100  100   99   98   98   99  103  107  111  114  116  116  116  116  117
  119  123  127  128  125  117  106   96   88   83   81   81   81   82   83   83
   84   84   83   82   80   78   76   75   73   70   66   63   60   58   58   59
   59   60   60   61   61   62   60   57   53
    40.0-180.0 180.0   5.0 450.0                            LAT/LON1/LON2/DLON/H
   55   50   48   50   58   71   85   98  107  108  105  100   95   94   95   98
  100  102  103  104  105  107  111  115  118  121  121  120  119  117  117  119
  123  130  137  140  137  128  116  103   93   87   85   85   86   87   88   89
   89   88   87   86   85   84   83   81   78   73   69   64   61   59   59   60
   60   60   60   61   63   64   64   61   55
    37.5-180.0 180.0   5.0 450.0                            LAT/LON1/LON2/DLON/H
   55   50   47   50   58   71   87  102  111  114  112  107  104  102  101  102
  103  105  107  110  114  118  123  127  129  129  127  124  121  120  121  124
  131  140  149  153  150  139  124  108   97   90   87   87   88   90   91   91
   90   89   88   87   87   87   85   83   79   74   69   64   60   59   60   60
   60   58   58   58   61   63   63   60   55
    35.0-180.0 180.0   5.0 450.0                            LAT/LON1/LON2/DLON/H
   52   48   46   49   58   71   88  103  114  118  117  114  112  110  109  107
  107  109  112  118  124  130  135  138  138  136  132  129  127  128  132  138
  147  158  167  170  164  150  131  113  100   92   89   88   89   91   91   91
   89   86   84   84   84   85   84   82   77   72   67   62   60   59   60   60
   59   55   53   52   55   57   59   57   52
    32.5-180.0 180.0   5.0 450.0                            LAT/LON1/LON2/DLON/H
   48   45   45   49   58   72   88  102  113  118  120  119  118  118  116  113
  112  113  118  126  133  140  145  147  146  142  139  137  140  145  153  163
  175  186  194  193  182  163  140  118  103   94   90   89   90   90   90   89
   85   81   78   77   79   80   80   78   73   68   63   60   59   59   60   60
   57   52   47   46   47   50   52   51   48
    30.0-180.0 180.0   5.0 450.0                            LAT/LON1/LON2/DLON/H
   43   43   44   50   59   72   87  101  111  117  120  122  124  125  123  120
  118  119  125  133  141  148  152  154  153  150  149  153  161  173  187  201
  213  223  227  220  203  177  149  125  107   97   93   91   90   90   89   86
   80   74   70   70   72   74   74   72   68   64   60   58   58   59   61   61
   57   50   43   40   40   42   44   45   43
    27.5-180.0 180.0   5.0 450.0                            LAT/LON1/LON2/DLON/H
   40   41   45   53   63   75   88  100  108  114  118  123  128  131  131  128
  125  126  131  139  146  151  156  159  160  161  165  175  191  210  229  246
  259  266  264  250  225  193  160  133  114  102   97   93   91   89   87   83
   77   69   64   63   65   68   69   67   64   61   59   58   58   60   62   62
   58   50   42   37   35   37   39   39   40
    25.0-180.0 180.0   5.0 450.0                            LAT/LON1/LON2/DLON/H
   37   41   47   57   67   78   89   99  107  112  117  123  131  137  139  136
  134  134  138  143  148  152  157  163  169  176  187  204  226  251  274  292
  304  307  299  278  246  208  172  142  122  109  102   97   93   90   87   83
   75   67   60   58   60   63   64   63   61   60   59   59   60   62   64   64
   60   53   44   38   35   35   36   36   37
    22.5-180.0 180.0   5.0 450.0                            LAT/LON1/LON2/DLON/H
   37   42   50   61   72   83   93  101  107  111  117  125  135  143  147  147
  144  144  146  147  149  152  159  170  183  197  214  236  263  291  315  333
  341  339  326  299  263  222  183  152  131  118  109  102   96   92   89   85
   77   68   61   58   59   61   63   62   61   61   61   61   62   64   66   67
   63   57   49   42   38   36   36   36   37
    20.0-180.0 180.0   5.0 450.0                            LAT/LON1/LON2/DLON/H
   38   43   52   64   77   88   97  104  109  114  119  128  140  151  157  158
  157  156  155  152  150  153  164  182  202  223  245  269  296  323  345  359
  364  358  341  311  273  232  194  164  142  128  117  108  101   97   94   90
   83   74   66   62   62   63   64   64   64   64   65   65   66   67   68   69
   67   61   54   48   43   41   39   38   38
    17.5-180.0 180.0   5.0 450.0                            LAT/LON1/LON2/DLON/H
   40   43   53   66   80   92  101  108  114  119  125  135  147  160  168  172
  172  170  166  160  156  159  175  200  228  253  275  298  321  343  360  369
  370  362  343  314  278  240  205  176  155  139  127  117  108  103  101   98
   92   83   75   70   68   68   68   68   68   69   69   69   69   69   70   71
   69   65   60   54   49   46   43   40   40
    15.0-180.0 180.0   5.0 450.0                            LAT/LON1/LON2/DLON/H
   41   43   52   67   82   95  105  113  121  127  134  144  156  170  180  186
  187  186  180  172  167  173  194  225  257  283  302  319  335  349  358  362
  360  352  335  310  280  248  217  191  169  152  138  126  117  111  109  107
  102   94   86   80   77   75   73   73   73   74   74   72   71   70   71   71
   70   67   63   58   54   51   48   44   41
    12.5-180.0 180.0   5.0 450.0                            LAT/LON1/LON2/DLON/H
   42   43   51   65   82   96  108  119  128  137  145  155  167  181  193  200
  204  202  197  188  184  193  219  255  288  311  323  330  337  342  345  344
  341  334  322  304  282  258  233  208  186  166  149  136  125  120  117  116
  112  105   98   91   86   83   80   78   78   78   76   74   72   71   71   71
   70   67   64   61   58   55   52   47   42
    10.0-180.0 180.0   5.0 450.0                            LAT/LON1/LON2/DLON/H
   43   42   48   63   81   97  110  123  136  147  157  166  178  192  205  214
  219  219  215  208  207  220  249  286  316  332  335  332  330  328  325  323
  321  318  312  302  288  272  252  228  204  181  161  145  134  127  125  123
  120  115  108  101   95   90   85   82   81   80   77   74   72   71   70   69
   68   66   63   61   59   58   55   49   43
     7.5-180.0 180.0   5.0 450.0                            LAT/LON1/LON2/DLON/H
   45   41   47   61   80   97  112  127  141  155  167  177  189  202  215  225
  232  234  233  229  232  248  279  313  337  344  338  327  318  312  308  307
  307  309  309  307  301  291  274  250  222  195  171  154  141  134  130  128
  126  121  115  109  102   95   89   85   83   80   76   73   70   70   69   68
   65   63   61   60   59   59   57   52   45
     5.0-180.0 180.0   5.0 450.0                            LAT/LON1/LON2/DLON/H
   46   42   46   61   80   98  114  129  146  162  175  185  197  210  223  234
  242  247  248  249  256  275  303  332  347  345  332  317  306  301  300  301
  305  311  317  320  320  313  297  271  239  207  180  160  146  138  133  130
  127  123  118  113  106   98   91   86   82   78   73   69   68   69   68   66
   63   61   59   58   59   60   59   54   46
     2.5-180.0 180.0   5.0 450.0                            LAT/LON1/LON2/DLON/H
   48   43   48   62   82  101  117  132  149  165  179  191  203  216  228  240
  248  255  260  266  276  294  319  339  346  337  320  306  299  299  302  307
  315  324  333  339  340  334  317  288  252  216  186  164  149  139  133  128
  124  121  117  113  106   98   90   84   79   74   69   66   66   67   68   65
   61   59   57   57   58   60   60   56   48
