workspace/datasets/gnss/ZIM/codg2900.18i
     1.0            IONOSPHERE MAPS     GNSS                IONEX VERSION / TYPE
ADDNEQ2 V5.3        AIUB                21-OCT-18 20:04     PGM / RUN BY / DATE 
CODE'S GLOBAL IONOSPHERE MAPS FOR DAY 290, 2018             COMMENT             
Global ionosphere maps (GIM) are generated on a daily basis DESCRIPTION         
at CODE using data from about 300 GNSS sites of the IGS and DESCRIPTION         
other institutions. The vertical total electron content     DESCRIPTION         
(VTEC) is modeled in a solar-geomagnetic reference frame    DESCRIPTION         
using a spherical harmonics expansion up to degree and      DESCRIPTION         
order 15. Piece-wise linear functions are used for          DESCRIPTION         
representation in the time domain. The time spacing of      DESCRIPTION         
their vertices is 1 hour, conforming with the epochs of the DESCRIPTION         
VTEC maps.                                                  DESCRIPTION         
To convert line-of-sight TEC into vertical TEC, a modified  DESCRIPTION         
single-layer model mapping function approximating the JPL   DESCRIPTION         
extended slab model mapping function is adopted. The        DESCRIPTION         
mapping function is evaluated at geodetic satellite         DESCRIPTION         
elevation angles. For the computation of the ionospheric    DESCRIPTION         
pierce points, a spherical layer with a radius of 6821 km   DESCRIPTION         
is assumed, implying geocentric, not geodetic IONEX         DESCRIPTION         
latitudes.                                                  DESCRIPTION         
Instrumental biases with respect to each involved GNSS code DESCRIPTION         
observable are estimated as constant values for each        DESCRIPTION         
day. They are modeled with one set of bias parameters for   DESCRIPTION         
each satellite and each station in case of GPS and for each DESCRIPTION         
satellite-station link in case of GLONASS. The code bias    DESCRIPTION         
datum is defined by zero-mean conditions imposed on the     DESCRIPTION         
satellite bias estimates. In this file, just GPS C1W-C2W    DESCRIPTION         
satellite and station bias values are included. The         DESCRIPTION         
complete set of GNSS code bias results is provided in an    DESCRIPTION         
additional Bias-SINEX file as pseudo-absolute values        DESCRIPTION         
specific to each observable.                                DESCRIPTION         
Note: These GIM results correspond to the results for the   DESCRIPTION         
middle day of a 3-day combination analysis solving for 73   DESCRIPTION         
times 256, or 18688 VTEC parameters and 3 daily sets of     DESCRIPTION         
GNSS code bias parameters.                                  DESCRIPTION         
Contact address: code(at)aiub.unibe.ch                      DESCRIPTION         
Data archive:    ftp.aiub.unibe.ch/CODE/                    DESCRIPTION         
                 www.aiub.unibe.ch/download/CODE/           DESCRIPTION         
  2018    10    17     0     0     0                        EPOCH OF FIRST MAP  
  2018    10    18     0     0     0                        EPOCH OF LAST MAP   
  3600                                                      INTERVAL            
[...]
dav1 dgar dhlg drao dubo ebre eprt faa1 fair flin flrs frdn COMMENT             
ftna func ganp glps glsv gmsd godz gol2 gope gras graz guam COMMENT             
guat guug harb hers hert hlfx hnlc hnpt hob2 hofn holb hrao COMMENT             
hyde iddr ieng iisc impz ineg invk iqal irkj isba jog2 joz2 COMMENT             
karr kerg kir0 kiri kiru kit3 kokb kokv kour krgg lama lhaz COMMENT             
lmmf lpal lpgs m0se mac1 madr mag0 maju mal2 mana mas1 mat1 COMMENT             
mate maui maw1 mcm4 mdo1 mdvj mets mgue mizu mkea mnls mobj COMMENT             
mobk mobs monp morp mro1 mtka nain nano naur nico nist nium COMMENT             
nklg not1 novm nrc1 nril ntus nya1 nyal ohi2 ohi3 onsa opmt COMMENT             
ous2 pado parc park pbri pdel penc pert pfa2 pie1 pimo pohn COMMENT             
polv pots pove prds ptag ptbb qaq1 quin rabt ramo rbay reun COMMENT             
rgdg rio2 riop roth salu samo sant savo sch2 scor scrz sctb COMMENT             
seyg sfer shao sofi spt0 sthl stjo str2 suth sutm suwn sydn COMMENT             
syog tabv tash tehn thtg thti thu2 thu3 tid1 tidb tixg tixi COMMENT             
tlse tn22 tnml tong tow2 tro1 tsea tuva twtf txes uclu ufpr COMMENT             
ulab unb3 unbj unsa urum usn7 usud vaco vald vill voim vtsp COMMENT             
wab1 wab2 wark wes2 wgtn whit will wind wsrt wtza wtzr wtzs COMMENT             
wtzz yakt yar2 yar3 yarr yell yssk zamb zeck zim2 zim3 zimj COMMENT             
zimm                                                        COMMENT             
                                                            END OF HEADER       
[from data line 9867]
    24                                                      START OF TEC MAP    
  2018    10    17    23     0     0                        EPOCH OF CURRENT MAP
    87.5-180.0 180.0   5.0 450.0                            LAT/LON1/LON2/DLON/H
   22   22   22   22   22   22   22   22   22   22   22   22   22   21   21   21
   21   20   20   20   19   19   18   18   17   17   16   16   15   15   14   14
   14   13   13   13   13   13   13   13   13   13   14   14   14   15   15   15
   16   16   16   17   17   18   18   18   19   19   19   20   20   20   20   21
   21   21   21   21   21   21   22   22   22
    85.0-180.0 180.0   5.0 450.0                            LAT/LON1/LON2/DLON/H
   24   24   24   24   25   25   25   25   26   26   26   26   26   26   26   26
   25   25   24   23   22   21   20   19   18   16   15   14   13   12   11   10
    9    9    8    8    8    8    8    8    9    9   10   10   11   12   12   13
   14   15   16   16   17   18   18   19   20   20   21   21   22   22   22   23
   23   23   23   23   23   24   24   24   24
    82.5-180.0 180.0   5.0 450.0                            LAT/LON1/LON2/DLON/H
   25   25   26   26   26   27   27   28   29   30   30   31   32   32   32   32
   31   31   30   29   27   25   23   21   19   17   15   13   11    9    8    6
    5    5    4    4    4    4    4    5    5    6    7    8    9   10   11   12
   13   14   15   16   17   18   19   19   20   21   22   22   23   23   24   24
   25   25   25   25   25   25   25   25   25
    80.0-180.0 180.0   5.0 450.0                            LAT/LON1/LON2/DLON/H
   27   27   27   28   28   29   30   31   32   34   35   36   37   38   38   39
   38   37   36   35   32   30   27   25   22   19   16   13   11    8    6    5
    3    3    2    2    2    2    2    3    4    5    6    7    8    9   10   11
   12   13   14   15   16   17   18   18   19   20   21   22   23   24   25   26
   26   27   27   28   28   28   28   28   27
    77.5-180.0 180.0   5.0 450.0                            LAT/LON1/LON2/DLON/H
   32   31   31   31   31   32   33   34   36   38   40   41   43   44   44   44
   44   43   42   40   37   34   31   28   24   21   17   14   11    9    7    5
    4    3    2    2    2    2    3    4    4    5    6    7    8    9   10   11
   12   13   13   14   14   15   15   16   17   18   19   21   22   24   25   27
   28   30   31   31   32   32   32   32   32
    75.0-180.0 180.0   5.0 450.0                            LAT/LON1/LON2/DLON/H
   39   38   37   37   37   37   38   39   41   43   45   46   48   48   49   49
   48   47   45   43   40   37   34   30   26   23   19   16   13   11    9    7
    6    5    5    5    5    5    5    5    6    6    7    8    9    9   10   11
   11   11   11   11   12   12   12   13   14   15   16   18   21   23   26   28
   31   33   35   37   38   39   39   39   39
    72.5-180.0 180.0   5.0 450.0                            LAT/LON1/LON2/DLON/H
   49   48   46   45   45   44   45   46   47   48   50   51   52   52   51   51
   49   48   46   43   41   38   34   31   27   24   21   18   15   13   12   10
    9    9    8    8    8    7    7    7    7    8    8    8    9    9   10   10
   10   10   10    9    9    8    9    9   10   12   14   17   20   23   27   31
   35   38   41   44   46   48   49   49   49
    70.0-180.0 180.0   5.0 450.0                            LAT/LON1/LON2/DLON/H
   60   59   57   55   54   53   52   53   53   54   55   55   55   54   52   50
   49   47   44   42   40   37   34   31   28   25   22   19   17   15   14   13
   12   11   11   10   10    9    9    8    8    8    8    8    9    9    9    9
    9    9    8    7    6    6    6    6    7    9   12   16   20   25   29   34
   39   43   48   52   55   58   59   60   60
    67.5-180.0 180.0   5.0 450.0                            LAT/LON1/LON2/DLON/H
   71   70   67   65   63   61   59   59   59   59   59   58   57   54   52   49
   47   44   42   40   38   35   33   30   27   24   22   20   18   17   16   15
   14   13   12   11   10    9    9    8    8    8    8    8    8    9    9    9
    9    8    7    6    5    4    4    4    6    9   12   17   22   28   33   38
   43   49   53   58   63   66   69   71   71
    65.0-180.0 180.0   5.0 450.0                            LAT/LON1/LON2/DLON/H
   80   79   77   74   70   67   65   64   63   63   62   60   58   55   52   48
   46   43   41   39   37   34   32   29   26   24   22   20   19   18   17   15
   14   13   11   10    9    9    8    7    7    7    7    8    9    9    9   10
    9    9    8    7    5    4    4    4    6   10   14   20   26   32   37   43
   48   53   58   63   68   73   76   79   80
    62.5-180.0 180.0   5.0 450.0                            LAT/LON1/LON2/DLON/H
   86   86   84   80   76   73   70   67   66   65   64   62   59   56   52   49
   46   44   42   40   38   35   32   29   26   24   22   21   20   18   17   15
   13   11   10    9    8    8    7    7    8    8    9   10   10   11   11   12
   11   11   10    9    8    6    5    6    8   12   17   24   30   37   42   47
   51   55   60   65   70   76   81   84   86
    60.0-180.0 180.0   5.0 450.0                            LAT/LON1/LON2/DLON/H
   90   91   89   86   81   77   73   70   67   66   65   63   60   57   55   52
   50   48   46   43   40   37   33   29   26   24   23   22   21   19   17   15
   13   11    9    9    9    9    9   10   11   12   13   14   15   15   16   16
   15   15   14   13   12   10    9    9   11   15   21   28   35   41   46   50
   53   56   60   65   70   76   82   87   90
    57.5-180.0 180.0   5.0 450.0                            LAT/LON1/LON2/DLON/H
   92   94   94   91   86   81   76   72   69   67   65   64   62   61   59   57
   56   54   52   49   44   40   35   31   27   25   24   24   23   22   19   17
   14   12   11   11   12   13   14   16   17   19   20   21   22   22   22   21
   21   21   20   20   18   16   14   13   15   19   25   32   39   45   50   53
   55   57   59   63   69   75   82   88   92
    55.0-180.0 180.0   5.0 450.0                            LAT/LON1/LON2/DLON/H
   94   98   99   97   93   87   81   75   71   68   67   66   65   65   65   64
   63   61   58   54   49   43   38   33   30   28   27   27   27   26   23   20
   18   16   16   17   19   21   23   25   27   29   30   31   32   31   30   29
   29   29   29   28   27   24   21   19   20   23   29   36   43   48   52   54
   55   57   59   62   67   74   81   88   94
    52.5-180.0 180.0   5.0 450.0                            LAT/LON1/LON2/DLON/H
   96  102  105  105  102   96   89   82   76   72   70   69   70   71   71   72
   71   68   64   58   52   46   40   36   33   32   32   32   32   31   29   26
   24   23   24   26   29   32   35   37   39   40   42   43   42   41   40   39
   38   39   39   39   37   34   30   27   26   28   33   39   46   51   54   55
   56   57   59   63   68   74   81   89   96
    50.0-180.0 180.0   5.0 450.0                            LAT/LON1/LON2/DLON/H
   99  106  112  114  113  108  100   92   84   79   75   74   75   77   78   78
   77   73   67   61   54   48   43   39   37   36   37   38   38   37   35   32
   31   31   33   37   41   44   47   48   50   51   53   53   53   52   50   49
   49   50   52   52   50   46   41   36   34   35   38   43   48   52   55   57
   58   59   62   66   70   76   83   91   99
    47.5-180.0 180.0   5.0 450.0                            LAT/LON1/LON2/DLON/H
  101  109  117  122  124  120  113  104   95   88   83   81   82   83   84   84
   81   76   69   62   55   50   46   44   42   42   43   43   44   43   40   38
   38   39   43   48   52   55   57   58   59   60   62   62   62   61   60   59
   60   62   64   65   64   59   53   47   43   42   44   48   52   55   57   59
   60   63   66   71   75   80   86   93  101
    45.0-180.0 180.0   5.0 450.0                            LAT/LON1/LON2/DLON/H
  102  110  119  127  131  131  125  116  106   98   92   89   89   89   89   88
   84   78   70   63   57   53   51   49   49   48   48   48   47   46   44   42
   43   46   51   57   61   63   64   64   64   66   67   69   69   69   69   69
   71   74   77   78   77   72   65   57   52   51   51   54   56   59   60   62
   65   68   72   77   81   85   89   95  102
    42.5-180.0 180.0   5.0 450.0                            LAT/LON1/LON2/DLON/H
  101  108  117  126  133  136  133  126  116  107  101   97   96   95   94   91
   87   80   73   66   61   58   57   56   55   53   52   51   49   47   45   44
   46   50   56   62   66   67   67   66   66   68   70   72   74   75   76   77
   80   84   87   89   87   82   74   67   61   59   59   60   62   64   65   67
   70   74   79   84   88   91   93   96  101
    40.0-180.0 180.0   5.0 450.0                            LAT/LON1/LON2/DLON/H
   99  103  110  119  128  134  135  130  122  114  108  104  102  101   98   95
   90   85   78   72   68   65   64   63   60   58   54   51   49   46   44   44
   46   52   59   64   67   67   66   65   65   68   71   74   76   79   81   84
   87   91   94   95   93   88   80   73   67   65   65   67   68   69   71   72
   76   80   85   90   94   97   98   98   99
    37.5-180.0 180.0   5.0 450.0                            LAT/LON1/LON2/DLON/H
   99   98  101  108  117  126  130  129  124  118  113  110  108  106  103  100
   97   92   87   81   77   73   71   68   64   60   55   51   47   45   43   43
   46   52   59   64   66   65   63   62   64   67   70   74   77   81   84   88
   91   94   97   97   94   88   81   75   70   69   70   72   74   75   77   79
   82   87   92   97  101  104  104  102   99
    35.0-180.0 180.0   5.0 450.0                            LAT/LON1/LON2/DLON/H
  104   98   94   97  104  113  120  123  122  119  117  115  113  111  109  107
  105  102   98   93   86   80   75   71   66   60   55   50   47   45   43   44
   47   53   60   64   65   63   61   61   63   67   71   74   78   82   86   89
   91   93   94   93   90   84   78   72   69   69   71   74   77   80   83   85
   88   93   98  104  109  113  114  111  104
    32.5-180.0 180.0   5.0 450.0                            LAT/LON1/LON2/DLON/H
  117  104   94   90   93  101  110  116  118  120  120  120  119  117  115  114
  114  114  111  104   94   85   76   70   64   59   54   51   49   48   47   48
   51   56   61   64   64   62   61   62   65   70   73   76   78   81   85   87
   88   88   88   86   82   76   71   66   65   66   69   74   79   84   88   91
   95   99  105  112  120  127  130  127  117
    30.0-180.0 180.0   5.0 450.0                            LAT/LON1/LON2/DLON/H
  139  121  103   92   90   95  103  111  117  121  125  127  126  125  123  123
  124  124  121  111   98   84   73   65   61   58   56   55   55   55   55   55
   57   61   65   66   65   63   63   65   70   74   77   78   78   80   82   83
   82   80   78   75   71   66   61   58   58   61   66   72   79   86   92   96
  100  106  113  123  134  145  152  150  139
    27.5-180.0 180.0   5.0 450.0                            LAT/LON1/LON2/DLON/H
  169  148  124  106   98   99  105  113  120  127  133  136  136  134  132  131
  132  132  126  113   96   78   65   59   57   58   61   63   66   67   67   67
   67   68   70   70   68   67   67   70   75   79   80   79   78   78   78   77
   74   71   67   64   61   56   52   50   51   55   61   70   79   87   94  100
  106  114  124  137  152  168  179  180  169
    25.0-180.0 180.0   5.0 450.0                            LAT/LON1/LON2/DLON/H
  204  182  155  132  118  114  117  123  131  139  146  150  150  146  142  139
  138  135  126  110   89   69   57   53   57   63   69   75   80   82   82   80
   78   76   75   74   72   71   72   75   80   83   83   81   77   75   73   70
   66   61   57   54   52   48   45   45   46   51   58   68   78   88   97  104
  112  123  136  153  172  192  208  213  204
    22.5-180.0 180.0   5.0 450.0                            LAT/LON1/LON2/DLON/H
  236  217  190  166  149  141  140  143  149  157  164  168  167  161  153  147
  142  135  123  103   80   61   52   53   61   72   82   90   95   98   97   94
   89   84   81   78   77   75   76   79   83   85   84   80   76   72   68   63
   57   52   49   47   45   43   41   41   44   50   58   68   79   90   99  108
  119  133  150  171  192  214  233  242  236
    20.0-180.0 180.0   5.0 450.0                            LAT/LON1/LON2/DLON/H
  261  247  224  202  185  175  170  170  174  180  186  189  186  178  167  157
  147  135  119   97   75   59   54   60   72   86   97  105  110  112  110  105
   97   90   85   82   81   80   79   81   83   85   83   79   74   69   64   58
   51   45   43   42   42   41   40   41   45   52   61   71   83   93  103  112
  125  144  165  187  210  231  251  262  261
    17.5-180.0 180.0   5.0 450.0                            LAT/LON1/LON2/DLON/H
  273  266  251  235  221  211  204  201  201  206  210  212  208  198  184  169
  154  138  119   98   78   67   67   77   91  103  113  119  122  123  119  112
  103   94   88   86   85   83   82   81   81   81   80   77   72   66   60   53
   46   41   39   39   40   40   40   43   49   56   66   77   88   99  107  117
  133  154  179  202  222  240  258  270  273
    15.0-180.0 180.0   5.0 450.0                            LAT/LON1/LON2/DLON/H
  272  272  267  260  253  245  238  232  230  231  234  234  229  218  202  185
  166  147  127  108   93   87   91  102  114  122  127  129  129  128  124  116
  105   96   91   89   89   88   84   80   78   77   77   75   70   65   58   51
   43   38   37   38   39   40   41   45   53   62   73   84   95  105  113  123
  140  164  190  212  228  241  254  265  272
    12.5-180.0 180.0   5.0 450.0                            LAT/LON1/LON2/DLON/H
  260  267  272  275  277  274  268  261  256  255  256  254  249  238  223  205
  185  165  146  129  120  118  124  132  138  140  138  135  132  130  125  117
  107   98   94   94   96   94   88   80   75   74   74   73   69   64   57   50
   42   38   36   37   38   39   42   48   57   68   79   91  102  110  118  129
  147  173  199  218  229  234  241  251  260
    10.0-180.0 180.0   5.0 450.0                            LAT/LON1/LON2/DLON/H
  244  256  270  283  294  298  294  287  280  276  274  271  265  256  243  227
  208  189  173  161  156  157  161  163  160  153  144  137  133  129  124  117
  108  101   99  101  104  103   94   83   74   72   72   72   69   63   56   49
   42   37   36   36   37   38   41   49   60   72   84   95  106  115  123  134
  153  180  205  221  226  225  226  233  244
     7.5-180.0 180.0   5.0 450.0                            LAT/LON1/LON2/DLON/H
  230  246  266  287  306  317  316  309  301  294  288  283  278  271  262  250
  235  219  205  197  195  196  195  189  175  159  145  136  132  129  125  118
  110  105  105  109  114  112  101   87   76   72   72   72   68   62   56   49
   43   38   35   35   35   36   40   49   61   73   86   97  108  117  126  138
  158  184  208  222  222  216  214  219  230
     5.0-180.0 180.0   5.0 450.0                            LAT/LON1/LON2/DLON/H
  227  243  265  292  316  332  336  330  320  310  301  293  287  282  278  271
  260  248  238  232  231  230  222  205  182  160  144  136  133  131  127  121
  114  110  111  117  123  121  109   92   79   73   72   71   67   60   54   49
   43   38   35   34   33   35   39   48   61   73   85   96  107  117  127  140
  161  187  210  221  220  214  211  215  227
     2.5-180.0 180.0   5.0 450.0                            LAT/LON1/LON2/DLON/H
  236  250  272  299  327  347  354  350  339  325  312  300  293  290  289  287
  281  272  264  260  258  252  237  211  182  156  141  137  137  136  132  125
  119  115  117  123  128  126  114   97   82   75   73   70   64   57   52   48
   44   39   35   34   33   35   39   48   60   72   82   92  103  114  126  141
  162  187  209  220  221  218  218  225  236
