workspace/datasets/gnss/ZIM/codg2900.18i
     1.0            IONOSPHERE MAPS     GNSS                IONEX VERSION / TYPE
ADDNEQ2 V5.3        AIUB                21-OCT-18 20:04     PGM / RUN BY / DATE 
CODE'S GLOBAL IONOSPHERE MAPS FOR DAY 290, 2018             COMMENT             
Global ionosphere maps (GIM) are generated on a daily basis DESCRIPTION         
at CODE using data from about 300 GNSS sites of the IGS and DESCRIPTION         
other institutions. The vertical total electron content     DESCRIPTION         
(VTEC) is modeled in a solar-geomagnetic reference frame    DESCRIPTION         
using a spherical harmonics expansion up to degree and      DESCRIPTION         
order 15. Piece-wise linear functions are used for          DESCRIPTION         
representation in the time domain. The time spacing of      DESCRIPTION         
their vertices is 1 hour, conforming with the epochs of the DESCRIPTION         
VTEC maps.                                                  DESCRIPTION         
To convert line-of-sight TEC into vertical TEC, a modified  DESCRIPTION         
single-layer model mapping function approximating the JPL   DESCRIPTION         
extended slab model mapping function is adopted. The        DESCRIPTION         
mapping function is evaluated at geodetic satellite         DESCRIPTION         
elevation angles. For the computation of the ionospheric    DESCRIPTION         
pierce points, a spherical layer with a radius of 6821 km   DESCRIPTION         
is assumed, implying geocentric, not geodetic IONEX         DESCRIPTION         
latitudes.                                                  DESCRIPTION         
Instrumental biases with respect to each involved GNSS code DESCRIPTION         
observable are estimated as constant values for each        DESCRIPTION         
day. They are modeled with one set of bias parameters for   DESCRIPTION         
each satellite and each station in case of GPS and for each DESCRIPTION         
satellite-station link in case of GLONASS. The code bias    DESCRIPTION         
datum is defined by zero-mean conditions imposed on the     DESCRIPTION         
satellite bias estimates. In this file, just GPS C1W-C2W    DESCRIPTION         
satellite and station bias values are included. The         DESCRIPTION         
complete set of GNSS code bias results is provided in an    DESCRIPTION         
additional Bias-SINEX file as pseudo-absolute values        DESCRIPTION         
specific to each observable.                                DESCRIPTION         
Note: These GIM results correspond to the results for the   DESCRIPTION         
middle day of a 3-day combination analysis solving for 73   DESCRIPTION         
times 256, or 18688 VTEC parameters and 3 daily sets of     DESCRIPTION         
GNSS code bias parameters.                                  DESCRIPTION         
Contact address: code(at)aiub.unibe.ch                      DESCRIPTION         
Data archive:    ftp.aiub.unibe.ch/CODE/                    DESCRIPTION         
                 www.aiub.unibe.ch/download/CODE/           DESCRIPTION         
  2018    10    17     0     0     0                        EPOCH OF FIRST MAP  
  2018    10    18     0     0     0                        EPOCH OF LAST MAP   
  3600                                                      INTERVAL            
[...]
dav1 dgar dhlg drao dubo ebre eprt faa1 fair flin flrs frdn COMMENT             
ftna func ganp glps glsv gmsd godz gol2 gope gras graz guam COMMENT             
guat guug harb hers hert hlfx hnlc hnpt hob2 hofn holb hrao COMMENT             
hyde iddr ieng iisc impz ineg invk iqal irkj isba jog2 joz2 COMMENT             
karr kerg kir0 kiri kiru kit3 kokb kokv kour krgg lama lhaz COMMENT             
lmmf lpal lpgs m0se mac1 madr mag0 maju mal2 mana mas1 mat1 COMMENT             
mate maui maw1 mcm4 mdo1 mdvj mets mgue mizu mkea mnls mobj COMMENT             
mobk mobs monp morp mro1 mtka nain nano naur nico nist nium COMMENT             
nklg not1 novm nrc1 nril ntus nya1 nyal ohi2 ohi3 onsa opmt COMMENT             
ous2 pado parc park pbri pdel penc pert pfa2 pie1 pimo pohn COMMENT             
polv pots pove prds ptag ptbb qaq1 quin rabt ramo rbay reun COMMENT             
rgdg rio2 riop roth salu samo sant savo sch2 scor scrz sctb COMMENT             
seyg sfer shao sofi spt0 sthl stjo str2 suth sutm suwn sydn COMMENT             
syog tabv tash tehn thtg thti thu2 thu3 tid1 tidb tixg tixi COMMENT             
tlse tn22 tnml tong tow2 tro1 tsea tuva twtf txes uclu ufpr COMMENT             
ulab unb3 unbj unsa urum usn7 usud vaco vald vill voim vtsp COMMENT             
wab1 wab2 wark wes2 wgtn whit will wind wsrt wtza wtzr wtzs COMMENT             
wtzz yakt yar2 yar3 yarr yell yssk zamb zeck zim2 zim3 zimj COMMENT             
zimm                                                        COMMENT             
                                                            END OF HEADER       
[from data line 6864]
    17                                                      START OF TEC MAP    
  2018    10    17    16     0     0                        EPOCH OF CURRENT MAP
    87.5-180.0 180.0   5.0 450.0                            LAT/LON1/LON2/DLON/H
   33   33   33   33   33   34   34   34   35   35   35   35   36   36   36   36
   36   37   37   37   37   37   37   37   36   36   36   36   36   36   35   35
   35   35   35   34   34   34   34   34   34   34   33   33   33   33   33   33
   33   33   33   33   33   33   33   33   33   33   33   33   33   33   33   33
   33   32   32   32   32   32   33   33   33
    85.0-180.0 180.0   5.0 450.0                            LAT/LON1/LON2/DLON/H
   28   28   28   29   30   30   31   32   33   34   35   35   36   37   38   38
   39   39   39   39   39   39   39   39   39   38   38   37   37   36   36   35
   35   34   34   33   33   32   32   32   31   31   31   31   31   31   31   31
   31   31   32   32   32   32   32   32   32   31   31   31   30   30   30   29
   29   28   28   28   27   27   27   27   28
    82.5-180.0 180.0   5.0 450.0                            LAT/LON1/LON2/DLON/H
   20   21   21   22   23   25   26   28   30   31   33   35   36   38   39   40
   41   42   42   42   42   42   42   42   42   41   41   40   39   38   38   37
   36   35   34   33   32   31   31   30   29   29   28   28   28   28   28   28
   29   29   29   30   30   30   30   30   30   29   29   28   27   26   25   24
   23   22   22   21   20   20   20   20   20
    80.0-180.0 180.0   5.0 450.0                            LAT/LON1/LON2/DLON/H
   12   12   13   14   16   18   20   23   25   28   31   33   36   38   40   42
   43   44   45   46   46   46   46   46   46   45   45   44   43   43   42   41
   40   38   37   36   34   33   31   30   28   27   26   26   25   25   25   25
   25   26   26   27   27   28   28   28   27   26   25   24   23   21   20   18
   17   16   14   13   12   12   12   11   12
    77.5-180.0 180.0   5.0 450.0                            LAT/LON1/LON2/DLON/H
    4    5    6    7    9   11   14   17   21   24   28   32   35   38   41   43
   45   47   48   49   50   50   50   51   51   51   51   50   50   49   48   47
   46   44   43   41   38   36   34   32   29   27   25   24   22   22   21   21
   21   22   23   23   24   24   24   24   24   23   21   20   18   16   15   13
   11    9    8    7    6    5    5    4    4
    75.0-180.0 180.0   5.0 450.0                            LAT/LON1/LON2/DLON/H
    0    0    1    2    3    5    8   12   16   21   25   30   34   38   42   44
   47   49   50   51   53   54   55   56   56   57   57   57   57   57   56   55
   53   52   50   47   45   41   38   35   32   28   25   23   21   19   18   17
   17   18   18   19   19   20   20   20   19   18   17   15   14   12   10    8
    7    5    4    3    2    2    1    0    0
    72.5-180.0 180.0   5.0 450.0                            LAT/LON1/LON2/DLON/H
    0    0    0    0    0    2    4    8   13   18   23   29   34   38   42   45
   48   50   52   53   55   57   59   61   62   63   64   64   64   64   63   62
   61   59   57   54   51   47   43   39   34   30   26   23   20   17   15   14
   14   14   14   14   15   15   15   15   14   14   12   11   10    8    7    6
    5    4    3    3    2    2    1    1    0
    70.0-180.0 180.0   5.0 450.0                            LAT/LON1/LON2/DLON/H
    3    1    0    0    0    0    3    6   11   16   22   28   34   38   42   46
   48   50   53   55   57   60   63   65   67   69   70   70   70   70   69   68
   66   64   62   59   55   51   47   42   37   32   27   23   19   16   14   12
   11   10   10   10   10   11   11   10   10   10    9    8    7    6    6    5
    5    6    6    6    6    6    5    4    3
    67.5-180.0 180.0   5.0 450.0                            LAT/LON1/LON2/DLON/H
    8    6    4    2    1    2    3    7   11   16   23   29   34   39   43   46
   49   51   53   56   59   62   66   69   71   73   74   74   74   73   72   71
   69   67   65   61   58   53   49   44   38   33   29   24   20   16   13   11
    9    8    7    7    7    7    7    7    7    7    7    7    7    7    7    8
    9   10   11   12   12   12   12   10    8
    65.0-180.0 180.0   5.0 450.0                            LAT/LON1/LON2/DLON/H
   14   12    9    7    6    5    6    9   13   18   24   30   36   41   45   48
   50   52   54   57   61   64   68   72   74   76   76   76   75   74   73   72
   70   68   65   62   58   53   49   44   39   34   30   25   21   17   14   11
    9    8    7    6    5    5    4    5    5    6    7    8    9   10   11   12
   13   15   17   18   19   19   18   17   14
    62.5-180.0 180.0   5.0 450.0                            LAT/LON1/LON2/DLON/H
   20   17   15   12   11   11   11   14   18   22   28   33   39   43   47   49
   51   54   56   59   63   66   70   73   76   77   77   76   75   74   73   71
   69   67   64   61   57   52   48   43   39   35   31   27   23   19   16   13
   11    9    8    6    5    4    4    4    6    7    9   11   13   15   16   18
   19   21   23   24   25   25   24   22   20
    60.0-180.0 180.0   5.0 450.0                            LAT/LON1/LON2/DLON/H
   24   22   20   18   17   17   18   21   24   28   33   37   42   46   49   52
   54   56   59   62   65   69   72   74   76   77   77   76   75   74   73   72
   70   68   65   62   57   53   48   44   40   37   33   30   26   23   19   17
   15   13   11    9    8    7    6    7    9   11   14   17   19   21   23   24
   26   27   29   30   30   30   28   26   24
    57.5-180.0 180.0   5.0 450.0                            LAT/LON1/LON2/DLON/H
   27   25   24   24   24   25   26   29   32   35   38   42   45   48   51   54
   57   60   62   65   68   71   74   75   76   77   77   77   76   76   76   75
   74   72   69   65   61   56   51   47   44   40   37   34   30   27   24   22
   20   19   17   15   13   12   11   12   14   17   21   24   27   29   30   31
   31   32   33   34   34   33   31   29   27
    55.0-180.0 180.0   5.0 450.0                            LAT/LON1/LON2/DLON/H
   30   29   29   30   31   33   35   38   40   43   45   47   49   51   54   57
   61   64   67   70   72   74   75   76   77   77   78   79   80   81   82   82
   81   79   76   72   67   63   58   54   50   47   43   40   36   33   31   29
   28   27   26   24   21   19   18   19   21   25   29   32   35   36   37   37
   37   37   37   38   37   36   34   32   30
    52.5-180.0 180.0   5.0 450.0                            LAT/LON1/LON2/DLON/H
   34   33   34   36   38   41   44   47   50   51   52   53   53   55   57   61
   65   69   73   75   77   78   78   78   79   80   82   84   87   89   91   91
   90   88   85   82   78   73   69   64   60   56   52   48   44   41   38   37
   37   37   36   35   32   29   28   28   30   34   38   41   42   43   43   42
   41   41   42   42   41   40   38   36   34
    50.0-180.0 180.0   5.0 450.0                            LAT/LON1/LON2/DLON/H
   40   39   40   42   44   48   52   55   58   60   60   59   58   59   61   65
   70   75   79   81   82   82   82   82   82   84   88   91   95   98  100  100
   99   98   96   93   90   87   82   78   73   68   62   57   53   49   47   47
   48   49   49   47   44   41   39   39   40   43   46   48   49   48   47   46
   46   45   46   46   46   45   43   41   40
    47.5-180.0 180.0   5.0 450.0                            LAT/LON1/LON2/DLON/H
   46   46   46   47   49   53   57   62   66   69   69   68   65   65   66   70
   75   81   85   87   87   87   87   87   88   91   95  100  104  106  107  107
  106  105  105  104  103  101   97   92   86   80   73   67   62   59   58   58
   60   62   62   60   57   53   51   50   50   52   53   54   54   52   51   50
   49   49   50   51   51   51   50   48   46
    45.0-180.0 180.0   5.0 450.0                            LAT/LON1/LON2/DLON/H
   53   52   51   51   52   55   60   66   73   77   79   77   74   73   73   77
   82   87   90   92   93   93   93   94   96  100  104  107  110  112  112  111
  110  111  112  114  116  115  112  107  100   92   84   77   72   69   68   69
   72   74   74   73   69   65   62   60   60   60   59   58   56   55   53   52
   52   53   54   55   56   57   56   55   53
    42.5-180.0 180.0   5.0 450.0                            LAT/LON1/LON2/DLON/H
   59   57   55   54   53   54   59   67   77   85   89   88   85   83   83   85
   89   93   95   97   98   99  101  103  106  109  111  113  114  114  113  112
  112  114  118  123  127  129  127  121  112  102   93   86   80   78   78   79
   82   84   84   82   79   75   72   70   68   66   63   60   58   55   54   54
   54   55   56   58   59   61   61   60   59
    40.0-180.0 180.0   5.0 450.0                            LAT/LON1/LON2/DLON/H
   62   60   57   54   51   51   56   66   79   91   98  100   98   95   94   95
   97   99  100  102  104  106  109  112  115  117  118  118  116  113  112  112
  114  119  126  134  140  143  140  133  123  111  101   93   87   85   85   87
   90   91   90   88   84   81   78   76   74   70   66   61   57   55   55   55
   56   56   57   58   60   62   63   63   62
    37.5-180.0 180.0   5.0 450.0                            LAT/LON1/LON2/DLON/H
   61   59   56   52   47   46   51   63   80   96  107  111  110  108  106  105
  105  104  104  105  108  113  117  122  124  125  124  120  116  113  113  115
  121  129  139  148  155  158  154  145  132  118  106   97   92   90   91   92
   93   93   91   89   85   83   81   79   77   72   66   61   56   55   55   56
   57   57   56   56   57   59   60   61   61
    35.0-180.0 180.0   5.0 450.0                            LAT/LON1/LON2/DLON/H
   57   57   54   49   43   41   45   59   79   99  113  120  121  119  117  115
  112  109  107  108  113  119  125  129  132  132  128  123  118  116  119  127
  137  149  160  169  175  175  169  157  141  124  110  101   95   93   93   93
   93   91   88   84   82   80   80   79   77   72   65   59   56   55   56   57
   58   57   55   53   53   54   55   56   57
    32.5-180.0 180.0   5.0 450.0                            LAT/LON1/LON2/DLON/H
   52   52   51   46   40   36   41   56   77   99  116  125  128  128  126  122
  118  113  110  111  116  123  130  135  138  137  133  127  124  127  135  149
  165  179  190  197  199  195  185  169  150  131  115  103   97   94   93   91
   89   85   80   76   74   75   76   76   74   69   63   58   55   55   57   59
   59   57   53   49   47   47   48   50   52
    30.0-180.0 180.0   5.0 450.0                            LAT/LON1/LON2/DLON/H
   46   48   48   44   38   35   39   54   76   99  117  127  131  132  132  128
  122  116  113  114  120  127  134  139  141  141  139  136  138  146  162  183
  204  219  228  230  227  217  202  182  160  138  119  106   99   94   91   88
   83   78   72   67   66   67   69   71   70   66   61   57   55   56   59   61
   61   58   53   47   43   41   41   43   46
    27.5-180.0 180.0   5.0 450.0                            LAT/LON1/LON2/DLON/H
   41   45   47   44   39   35   40   54   76   98  114  124  130  133  134  132
  126  119  116  118  123  130  136  141  145  147  149  151  159  174  198  226
  250  265  269  265  254  239  219  196  171  146  126  111  101   95   90   85
   78   71   65   60   58   60   63   65   65   63   60   57   57   58   61   63
   63   60   54   47   41   38   37   38   41
    25.0-180.0 180.0   5.0 450.0                            LAT/LON1/LON2/DLON/H
   39   43   46   45   41   39   43   57   76   96  111  120  126  131  134  134
  129  124  122  123  128  133  137  142  149  156  164  173  187  210  240  272
  297  309  307  295  278  257  234  208  182  157  134  117  105   97   90   84
   77   69   62   57   55   56   59   61   62   60   59   58   59   61   64   66
   66   63   57   50   43   38   35   36   39
    22.5-180.0 180.0   5.0 450.0                            LAT/LON1/LON2/DLON/H
   39   43   47   47   44   43   48   61   79   95  107  115  121  128  133  135
  133  130  129  131  134  137  140  146  156  169  184  200  220  247  281  313
  336  344  335  317  293  269  244  219  194  168  145  126  112  102   95   88
   80   73   65   60   58   58   59   60   60   60   59   60   62   64   66   68
   68   66   62   55   48   42   38   37   39
    20.0-180.0 180.0   5.0 450.0                            LAT/LON1/LON2/DLON/H
   41   44   48   48   47   47   53   66   82   96  105  111  117  125  134  139
  140  139  140  142  143  144  146  153  168  187  208  230  253  282  315  345
  363  364  350  326  299  274  251  229  205  181  158  138  122  111  103   96
   89   82   76   70   66   65   64   64   63   62   62   63   65   67   68   70
   71   70   67   62   55   49   43   40   41
    17.5-180.0 180.0   5.0 450.0                            LAT/LON1/LON2/DLON/H
   44   46   48   48   48   50   57   71   86   98  105  109  116  126  136  144
  149  151  153  155  155  154  156  165  185  210  236  260  284  310  338  361
  372  368  349  323  297  275  255  237  217  195  172  152  135  123  115  109
  103   98   92   86   81   77   74   72   69   67   66   67   68   69   70   71
   72   73   72   69   63   56   49   45   44
    15.0-180.0 180.0   5.0 450.0                            LAT/LON1/LON2/DLON/H
   47   47   47   47   47   50   60   74   90  101  107  111  119  130  142  153
  160  165  169  171  170  168  171  183  207  236  264  287  307  327  346  362
  366  357  338  313  291  273  259  246  229  209  187  166  149  137  129  124
  120  115  110  104   98   93   88   83   78   74   72   71   71   71   71   71
   73   75   75   74   69   62   55   50   47
    12.5-180.0 180.0   5.0 450.0                            LAT/LON1/LON2/DLON/H
   49   47   46   44   44   49   60   76   93  105  111  117  125  137  151  163
  173  181  186  188  187  186  190  206  232  263  289  308  321  332  343  350
  350  339  321  302  286  275  266  257  244  225  204  182  163  150  143  139
  136  132  128  122  116  110  103   96   89   83   78   75   74   72   71   72
   73   76   77   76   73   67   60   54   49
    10.0-180.0 180.0   5.0 450.0                            LAT/LON1/LON2/DLON/H
   51   47   44   41   41   46   59   77   95  108  117  124  134  146  161  175
  187  196  203  205  205  205  213  231  258  287  309  322  326  329  332  333
  329  320  307  295  287  282  278  272  261  242  219  196  176  163  155  151
  149  145  141  136  130  124  117  109  100   91   84   79   76   74   72   72
   73   75   77   77   74   70   63   57   51
     7.5-180.0 180.0   5.0 450.0                            LAT/LON1/LON2/DLON/H
   52   47   42   38   38   45   58   77   96  112  123  132  143  156  171  186
  199  210  217  221  222  225  235  255  281  306  322  327  324  320  318  316
  313  308  302  298  297  298  297  291  279  259  234  208  186  172  163  159
  156  152  148  143  138  133  127  118  108   98   89   82   78   75   74   73
   73   74   75   75   74   70   65   58   52
     5.0-180.0 180.0   5.0 450.0                            LAT/LON1/LON2/DLON/H
   53   47   42   37   37   44   58   78   97  114  128  140  152  165  179  194
  209  220  229  233  236  242  255  276  299  317  326  324  317  310  307  305
  305  306  308  312  316  319  319  312  297  274  246  217  193  177  167  161
  157  152  147  142  139  135  130  123  112  101   91   83   79   76   76   75
   74   73   72   72   72   70   65   59   53
     2.5-180.0 180.0   5.0 450.0                            LAT/LON1/LON2/DLON/H
   54   48   42   38   38   45   60   79   98  116  131  145  158  171  185  200
  215  227  236  242  247  256  271  290  308  320  322  316  309  303  302  304
  309  315  323  332  339  343  340  330  312  286  255  223  196  178  166  158
  151  145  139  135  132  131  127  121  111  100   90   82   79   77   77   77
   74   72   70   69   69   68   65   60   54
