workspace/datasets/gnss/JFNG/codg0450.19i
     1.0            IONOSPHERE MAPS     GNSS                IONEX VERSION / TYPE
ADDNEQ2 V5.3        AIUB                18-FEB-19 20:06     PGM / RUN BY / DATE 
CODE'S GLOBAL IONOSPHERE MAPS FOR DAY 045, 2019             COMMENT             
Global ionosphere maps (GIM) are generated on a daily basis DESCRIPTION         
at CODE using data from about 300 GNSS sites of the IGS and DESCRIPTION         
other institutions. The vertical total electron content     DESCRIPTION         
(VTEC) is modeled in a solar-geomagnetic reference frame    DESCRIPTION         
using a spherical harmonics expansion up to degree and      DESCRIPTION         
order 15. Piece-wise linear functions are used for          DESCRIPTION         
representation in the time domain. The time spacing of      DESCRIPTION         
their vertices is 1 hour, conforming with the epochs of the DESCRIPTION         
VTEC maps.                                                  DESCRIPTION         
To convert line-of-sight TEC into vertical TEC, a modified  DESCRIPTION         
single-layer model mapping function approximating the JPL   DESCRIPTION         
extended slab model mapping function is adopted. The        DESCRIPTION         
mapping function is evaluated at geodetic satellite         DESCRIPTION         
elevation angles. For the computation of the ionospheric    DESCRIPTION         
pierce points, a spherical layer with a radius of 6821 km   DESCRIPTION         
is assumed, implying geocentric, not geodetic IONEX         DESCRIPTION         
latitudes.                                                  DESCRIPTION         
Instrumental biases with respect to each involved GNSS code DESCRIPTION         
observable are estimated as constant values for each        DESCRIPTION         
day. They are modeled with one set of bias parameters for   DESCRIPTION         
each satellite and each station in case of GPS and for each DESCRIPTION         
satellite-station link in case of GLONASS. The code bias    DESCRIPTION         
datum is defined by zero-mean conditions imposed on the     DESCRIPTION         
satellite bias estimates. In this file, just GPS C1W-C2W    DESCRIPTION         
satellite and station bias values are included. The         DESCRIPTION         
complete set of GNSS code bias results is provided in an    DESCRIPTION         
additional Bias-SINEX file as pseudo-absolute values        DESCRIPTION         
specific to each observable.                                DESCRIPTION         
Note: These GIM results correspond to the results for the   DESCRIPTION         
middle day of a 3-day combination analysis solving for 73   DESCRIPTION         
times 256, or 18688 VTEC parameters and 3 daily sets of     DESCRIPTION         
GNSS code bias parameters.                                  DESCRIPTION         
Contact address: code(at)aiub.unibe.ch                      DESCRIPTION         
Data archive:    ftp.aiub.unibe.ch/CODE/                    DESCRIPTION         
                 www.aiub.unibe.ch/download/CODE/           DESCRIPTION         
  2019     2    14     0     0     0                        EPOCH OF FIRST MAP  
  2019     2    15     0     0     0                        EPOCH OF LAST MAP   
  3600                                                      INTERVAL            
[...]
chpg chti chur coco cord cpvg cpxf cro1 daej darw dav1 dgar COMMENT             
dhlg drao dubo ebre faa1 fair flin flrs frdn ftna func ganp COMMENT             
glps glsv gmsd gode godz gol2 gope gras graz guat guug harb COMMENT             
hers hert hlfx hnpt hob2 hofn holb hrao hyde iddr ieng iisc COMMENT             
impz ineg invk iqal irkj isba jog2 joz2 joze karr kerg kir0 COMMENT             
kiru kit3 kouc koug kour krgg lama laut lhaz lmmf lpal lpgs COMMENT             
m0se mac1 madr mag0 maju mal2 mana mas1 mat1 mate maui maw1 COMMENT             
mdo1 mdvj medi mets mgue mizu mkea mnls mobj mobk mobs monp COMMENT             
morp mqzg mro1 mtka nain nano naur nico nist nium nklg nnor COMMENT             
nrc1 nril nrmd ntus nya1 nyal ohi2 ohi3 onsa opmt ous2 pado COMMENT             
park pdel penc pert pfa2 pie1 pimo pol2 polv pots pove prds COMMENT             
ptag ptbb qaq1 quin rabt ramo rbay reun reyk rgdg rio2 riop COMMENT             
roth salu samo sant savo sch2 scor scrz sctb scub seyg sfer COMMENT             
shao sofi spt0 stjo stk2 str2 suth sutm suwn sydn syog tabv COMMENT             
tash thtg thti tid1 tidb tixg tixi tlse tn22 tnml tong tow2 COMMENT             
tro1 tsea tskb tuva twtf txes uclu ufpr ulab unb3 unbj unbn COMMENT             
unsa urum usn7 usud vald vill voim vtsp wab1 wab2 wark wes2 COMMENT             
wgtn whit will wind wsrt wtza wtzl wtzr wtzs wtzz xmis yakt COMMENT             
yar2 yar3 yarr ycba yell yssk zamb zeck zim2 zim3 zimj zimm COMMENT             
                                                            END OF HEADER       
[from data line 5148]
    13                                                      START OF TEC MAP    
  2019     2    14    12     0     0                        EPOCH OF CURRENT MAP
    87.5-180.0 180.0   5.0 450.0                            LAT/LON1/LON2/DLON/H
   30   30   30   30   30   30   30   30   30   30   30   30   30   30   29   29
   29   29   29   29   28   28   28   28   28   28   28   28   28   28   28   28
   28   28   28   28   28   28   28   28   28   28   28   28   28   27   27   27
   27   27   27   27   27   27   27   27   27   27   27   27   27   27   28   28
   28   28   29   29   29   29   30   30   30
    85.0-180.0 180.0   5.0 450.0                            LAT/LON1/LON2/DLON/H
   30   30   31   31   31   31   31   30   30   30   29   29   28   27   27   26
   26   25   25   24   24   24   24   24   24   25   25   25   26   26   27   27
   27   28   28   28   28   28   28   27   27   27   26   26   25   25   24   24
   23   23   23   22   22   22   22   22   22   22   22   23   23   24   24   25
   25   26   26   27   28   28   29   29   30
    82.5-180.0 180.0   5.0 450.0                            LAT/LON1/LON2/DLON/H
   28   29   30   30   30   30   30   30   29   28   27   26   25   24   22   21
   20   19   19   18   18   18   18   19   19   20   21   22   23   24   25   26
   26   27   28   28   28   28   28   27   27   26   25   24   23   22   21   20
   20   19   18   18   17   17   17   17   17   17   18   18   18   19   20   20
   21   22   23   24   25   26   27   27   28
    80.0-180.0 180.0   5.0 450.0                            LAT/LON1/LON2/DLON/H
   25   27   28   28   29   29   29   28   27   26   24   22   21   19   17   16
   14   13   13   12   12   12   12   13   14   15   17   18   20   22   23   25
   26   28   29   29   29   29   29   28   27   26   25   23   22   20   19   18
   17   16   15   14   14   14   14   14   14   14   14   15   15   15   16   16
   17   18   18   19   20   22   23   24   25
    77.5-180.0 180.0   5.0 450.0                            LAT/LON1/LON2/DLON/H
   21   23   24   25   26   26   26   26   24   23   21   19   17   15   13   11
   10    9    8    8    8    8    9   10   11   13   15   17   19   21   23   25
   27   29   30   31   31   31   30   29   28   27   25   23   22   20   19   17
   16   15   14   14   13   13   13   13   13   14   14   14   14   14   14   14
   14   14   14   15   16   17   18   20   21
    75.0-180.0 180.0   5.0 450.0                            LAT/LON1/LON2/DLON/H
   16   18   20   21   23   23   23   23   21   20   18   15   13   11    9    8
    7    7    7    7    7    8    9   10   12   13   15   17   19   21   24   26
   28   30   32   33   33   33   32   31   29   28   26   24   23   21   20   19
   18   17   16   16   15   15   15   15   15   15   15   15   15   14   14   13
   12   12   11   11   12   12   13   15   16
    72.5-180.0 180.0   5.0 450.0                            LAT/LON1/LON2/DLON/H
   12   14   16   17   19   20   20   19   18   17   15   13   11    9    8    7
    7    7    8    9   10   11   12   13   15   16   17   19   21   23   25   28
   30   32   33   34   34   34   33   32   30   29   28   27   25   24   23   23
   22   21   20   20   19   19   19   19   19   19   18   18   17   16   15   14
   12   11   10    9    8    9    9   10   12
    70.0-180.0 180.0   5.0 450.0                            LAT/LON1/LON2/DLON/H
    8   10   12   14   15   16   17   16   15   14   12   10    9    8    8    8
    9   10   12   13   15   16   17   18   19   20   21   22   23   25   27   29
   31   33   35   35   35   34   33   32   31   30   30   29   29   29   29   28
   27   26   25   24   23   23   22   22   21   21   20   20   19   18   16   15
   13   11    9    8    7    6    6    7    8
    67.5-180.0 180.0   5.0 450.0                            LAT/LON1/LON2/DLON/H
    6    7    9   11   12   13   14   13   13   11   10    9    8    8    8   10
   11   13   15   17   19   20   22   22   23   23   24   24   25   26   28   30
   32   34   35   36   35   34   33   32   31   32   32   33   34   35   35   34
   33   32   30   28   27   25   24   23   22   21   21   20   19   18   17   15
   13   11    9    8    6    5    5    5    6
    65.0-180.0 180.0   5.0 450.0                            LAT/LON1/LON2/DLON/H
    6    7    8   10   11   12   12   12   10    9    8    7    7    8    9   11
   13   15   18   19   21   22   24   25   25   26   26   26   26   27   29   31
   33   35   36   36   35   34   33   32   32   33   35   37   40   41   41   40
   39   36   34   31   28   26   24   22   21   20   19   18   17   17   16   15
   13   12   10    8    7    6    6    6    6
    62.5-180.0 180.0   5.0 450.0                            LAT/LON1/LON2/DLON/H
    9    9   10   10   11   12   12   11   10    8    7    6    6    7    9   11
   14   16   17   19   20   21   23   24   25   26   27   27   27   28   30   32
   34   36   37   37   36   34   33   33   34   36   39   43   46   47   47   46
   44   40   37   33   29   26   23   20   18   16   15   15   14   14   14   13
   13   12   11   10    9    9    9    9    9
    60.0-180.0 180.0   5.0 450.0                            LAT/LON1/LON2/DLON/H
   13   13   13   13   14   14   13   12   10    8    7    6    6    7    9   11
   13   14   15   16   16   18   20   22   24   26   27   28   28   29   31   33
   36   38   39   39   38   36   35   35   37   40   45   49   52   54   53   51
   47   43   39   34   30   26   22   19   16   14   13   12   12   12   12   12
   12   12   11   11   12   12   13   13   13
    57.5-180.0 180.0   5.0 450.0                            LAT/LON1/LON2/DLON/H
   20   19   19   18   18   18   17   15   13   10    8    7    7    7    9   10
   11   12   12   11   12   13   16   19   23   26   28   29   30   31   33   35
   38   41   43   43   42   41   40   41   43   47   52   57   59   60   59   55
   51   47   42   37   32   28   24   20   17   15   13   12   12   12   12   13
   13   13   13   14   15   17   18   19   20
    55.0-180.0 180.0   5.0 450.0                            LAT/LON1/LON2/DLON/H
   27   26   25   24   24   23   22   20   18   15   12   10    9    9   10   10
   11   10    9    8    9   10   14   18   23   27   30   32   33   35   36   39
   42   46   48   49   49   48   48   49   52   57   62   65   67   67   64   60
   56   51   47   42   38   34   30   26   23   20   17   16   15   15   15   16
   15   15   16   17   19   22   25   27   27
    52.5-180.0 180.0   5.0 450.0                            LAT/LON1/LON2/DLON/H
   34   33   32   31   30   30   29   28   25   22   18   15   14   12   12   12
   12   11    9    9    9   11   15   21   26   31   35   37   39   40   42   45
   48   52   55   57   58   58   59   61   64   69   73   75   75   73   70   65
   61   58   54   50   47   43   39   35   32   29   26   24   22   22   21   21
   20   20   20   21   24   28   32   34   34
    50.0-180.0 180.0   5.0 450.0                            LAT/LON1/LON2/DLON/H
   41   40   38   37   37   37   37   36   33   30   27   23   20   18   17   16
   15   14   13   13   14   17   21   27   33   38   42   44   46   47   48   51
   55   59   63   66   68   70   72   74   78   82   84   85   84   80   76   72
   68   66   64   61   58   54   50   47   44   40   37   34   32   30   29   28
   27   26   25   26   30   34   39   41   41
    47.5-180.0 180.0   5.0 450.0                            LAT/LON1/LON2/DLON/H
   46   45   43   42   43   44   44   44   42   39   36   33   29   26   24   22
   22   21   21   22   23   27   32   37   43   47   51   53   54   55   56   59
   62   67   72   76   80   83   86   89   92   95   96   95   92   88   83   79
   77   76   75   72   69   65   61   58   55   52   48   44   41   39   37   36
   34   32   31   32   35   40   44   47   46
    45.0-180.0 180.0   5.0 450.0                            LAT/LON1/LON2/DLON/H
   50   48   46   45   47   49   50   51   50   48   46   43   40   36   33   31
   30   30   31   33   36   39   44   49   53   57   60   62   62   63   64   66
   70   75   81   86   91   95   99  102  105  107  106  104  100   95   90   87
   86   86   85   83   78   73   69   66   63   61   57   53   49   46   44   42
   40   37   36   37   40   45   49   51   50
    42.5-180.0 180.0   5.0 450.0                            LAT/LON1/LON2/DLON/H
   52   49   47   47   49   52   54   55   56   56   55   53   50   46   43   40
   40   40   42   45   48   52   56   60   63   66   68   70   71   71   72   74
   78   84   90   96  101  106  110  114  116  116  115  111  107  102   98   96
   95   95   94   91   85   78   73   70   68   66   62   57   53   50   47   46
   44   41   39   40   43   48   52   54   52
    40.0-180.0 180.0   5.0 450.0                            LAT/LON1/LON2/DLON/H
   52   49   46   47   49   52   55   57   59   61   62   62   60   56   53   50
   49   50   52   55   58   62   66   69   71   73   75   77   78   79   80   82
   86   92   98  104  110  115  119  123  124  123  121  117  113  109  106  104
  104  103  101   96   88   80   74   71   69   67   64   59   54   51   49   47
   45   43   41   42   45   50   53   54   52
    37.5-180.0 180.0   5.0 450.0                            LAT/LON1/LON2/DLON/H
   51   48   46   46   49   52   54   56   59   62   66   68   67   65   62   59
   58   58   59   62   65   69   72   74   76   77   80   82   85   86   87   90
   94   99  106  112  118  122  126  129  129  128  125  122  119  117  114  112
  111  110  106  100   91   81   74   71   69   68   65   60   55   51   49   48
   46   43   42   42   45   50   53   54   51
    35.0-180.0 180.0   5.0 450.0                            LAT/LON1/LON2/DLON/H
   51   47   45   46   48   51   52   54   57   61   67   71   72   71   69   66
   64   63   63   65   68   72   75   77   78   80   83   87   90   92   94   97
  101  107  114  120  125  129  132  134  134  132  130  127  126  125  123  121
  119  116  111  104   94   84   77   73   72   71   68   63   58   54   52   50
   47   44   42   43   45   49   53   53   51
    32.5-180.0 180.0   5.0 450.0                            LAT/LON1/LON2/DLON/H
   51   48   47   47   49   50   51   51   53   58   65   71   74   75   74   71
   68   66   64   65   68   72   75   77   79   82   86   91   95   97  100  103
  109  116  122  128  132  135  137  139  138  136  135  134  134  134  133  130
  127  123  118  111  102   92   85   82   80   79   76   71   66   62   59   55
   51   47   44   44   46   49   52   53   51
    30.0-180.0 180.0   5.0 450.0                            LAT/LON1/LON2/DLON/H
   53   51   50   50   51   51   50   49   51   55   62   69   74   76   76   74
   70   66   63   63   66   71   75   77   80   83   88   94   99  102  104  109
  116  124  132  137  140  142  144  145  145  143  142  142  144  145  144  142
  138  134  130  124  116  108  101   98   96   94   90   85   80   76   71   65
   59   53   49   48   49   51   53   54   53
    27.5-180.0 180.0   5.0 450.0                            LAT/LON1/LON2/DLON/H
   57   56   55   54   54   53   51   49   49   53   58   65   71   75   77   75
   70   64   60   60   64   70   75   78   81   84   90   96  101  105  109  115
  123  134  142  148  150  152  153  154  154  153  153  154  157  159  159  156
  152  149  146  142  137  131  125  121  118  114  109  104   99   94   88   80
   71   63   58   55   54   55   57   57   57
    25.0-180.0 180.0   5.0 450.0                            LAT/LON1/LON2/DLON/H
   62   61   60   59   59   57   54   52   51   53   56   62   67   72   75   73
   68   61   57   58   63   70   76   79   82   85   90   97  103  107  112  120
  131  144  154  160  163  165  166  167  168  168  168  170  173  175  175  173
  170  168  168  166  163  158  153  149  144  138  132  125  120  115  108   97
   86   76   69   65   63   62   62   62   62
    22.5-180.0 180.0   5.0 450.0                            LAT/LON1/LON2/DLON/H
   68   67   66   64   63   61   59   57   55   55   56   59   64   69   72   70
   64   58   55   57   64   72   78   81   83   86   90   97  103  109  116  126
  140  155  167  174  178  180  182  184  185  186  187  188  191  194  194  193
  191  191  192  193  191  187  182  176  169  161  152  145  139  134  126  114
  101   90   82   77   73   70   69   68   68
    20.0-180.0 180.0   5.0 450.0                            LAT/LON1/LON2/DLON/H
   73   72   70   68   66   65   64   62   61   59   57   57   60   65   67   66
   60   54   52   57   66   75   81   84   84   85   90   96  103  111  121  134
  150  167  181  189  194  196  199  202  205  206  207  209  211  213  214  214
  215  216  218  219  217  212  206  199  190  179  168  159  153  148  140  127
  114  102   95   90   85   80   76   74   73
    17.5-180.0 180.0   5.0 450.0                            LAT/LON1/LON2/DLON/H
   77   75   72   69   68   67   67   67   67   64   60   57   57   61   63   61
   56   51   51   58   69   79   84   85   84   85   89   96  105  115  127  143
  161  179  195  204  210  213  217  221  225  227  229  229  231  233  234  236
  238  240  243  242  238  231  223  214  204  191  178  167  160  155  147  135
  122  111  105  100   95   89   83   79   77
    15.0-180.0 180.0   5.0 450.0                            LAT/LON1/LON2/DLON/H
   79   75   71   68   66   67   68   71   71   68   62   57   56   57   59   57
   52   48   50   59   71   81   86   87   85   85   89   97  108  121  136  153
  172  191  207  218  224  228  233  238  243  247  248  249  249  250  252  255
  259  262  263  260  252  242  231  221  210  195  180  168  160  155  148  137
  125  116  111  108  103   96   88   83   79
    12.5-180.0 180.0   5.0 450.0                            LAT/LON1/LON2/DLON/H
   78   73   69   65   63   64   66   70   73   70   64   57   54   55   55   53
   49   46   50   61   74   84   88   88   86   87   92  102  115  130  147  165
  184  202  217  228  236  241  246  252  258  263  265  265  264  265  267  271
  275  278  277  271  260  246  233  222  210  196  179  165  156  151  145  135
  124  117  113  111  107  100   92   84   78
    10.0-180.0 180.0   5.0 450.0                            LAT/LON1/LON2/DLON/H
   77   71   65   61   58   58   62   67   71   70   64   57   53   52   52   50
   46   45   51   63   76   85   90   91   90   92   99  110  125  142  159  176
  193  210  224  235  243  249  255  261  268  273  276  276  275  275  277  282
  286  288  286  277  262  246  232  221  210  195  178  163  153  147  141  132
  122  115  113  112  108  101   93   84   77
     7.5-180.0 180.0   5.0 450.0                            LAT/LON1/LON2/DLON/H
   76   69   63   58   54   53   55   60   65   66   61   55   51   50   50   48
   45   45   52   65   78   87   93   95   97  101  109  122  138  154  171  186
  201  215  228  238  246  252  258  265  272  279  282  282  281  280  282  287
  291  293  289  279  263  245  231  220  211  197  181  165  154  147  141  132
  122  114  111  110  107  101   93   84   76
     5.0-180.0 180.0   5.0 450.0                            LAT/LON1/LON2/DLON/H
   76   68   62   56   51   48   48   52   57   60   57   52   48   48   48   46
   44   46   54   66   80   90   97  102  107  114  123  135  150  166  180  193
  205  216  227  236  244  251  257  264  271  278  283  283  282  280  282  286
  291  293  289  279  264  246  233  223  215  204  188  172  161  154  147  136
  125  115  110  107  105   99   92   84   76
     2.5-180.0 180.0   5.0 450.0                            LAT/LON1/LON2/DLON/H
   78   71   64   58   51   45   42   44   49   52   51   47   45   45   45   44
   43   46   55   68   82   94  103  111  119  127  137  148  161  174  186  196
  204  213  222  231  239  246  252  258  266  273  278  279  278  276  278  281
  286  288  286  279  265  250  238  230  223  214  200  185  174  166  157  146
  131  118  110  106  102   98   92   85   78
