workspace/datasets/gnss/JFNG/codg0450.19i
     1.0            IONOSPHERE MAPS     GNSS                IONEX VERSION / TYPE
ADDNEQ2 V5.3        AIUB                18-FEB-19 20:06     PGM / RUN BY / DATE 
CODE'S GLOBAL IONOSPHERE MAPS FOR DAY 045, 2019             COMMENT             
Global ionosphere maps (GIM) are generated on a daily basis DESCRIPTION         
at CODE using data from about 300 GNSS sites of the IGS and DESCRIPTION         
other institutions. The vertical total electron content     DESCRIPTION         
(VTEC) is modeled in a solar-geomagnetic reference frame    DESCRIPTION         
using a spherical harmonics expansion up to degree and      DESCRIPTION         
order 15. Piece-wise linear functions are used for          DESCRIPTION         
representation in the time domain. The time spacing of      DESCRIPTION         
their vertices is 1 hour, conforming with the epochs of the DESCRIPTION         
VTEC maps.                                                  DESCRIPTION         
To convert line-of-sight TEC into vertical TEC, a modified  DESCRIPTION         
single-layer model mapping function approximating the JPL   DESCRIPTION         
extended slab model mapping function is adopted. The        DESCRIPTION         
mapping function is evaluated at geodetic satellite         DESCRIPTION         
elevation angles. For the computation of the ionospheric    DESCRIPTION         
pierce points, a spherical layer with a radius of 6821 km   DESCRIPTION         
is assumed, implying geocentric, not geodetic IONEX         DESCRIPTION         
latitudes.                                                  DESCRIPTION         
Instrumental biases with respect to each involved GNSS code DESCRIPTION         
observable are estimated as constant values for each        DESCRIPTION         
day. They are modeled with one set of bias parameters for   DESCRIPTION         
each satellite and each station in case of GPS and for each DESCRIPTION         
satellite-station link in case of GLONASS. The code bias    DESCRIPTION         
datum is defined by zero-mean conditions imposed on the     DESCRIPTION         
satellite bias estimates. In this file, just GPS C1W-C2W    DESCRIPTION         
satellite and station bias values are included. The         DESCRIPTION         
complete set of GNSS code bias results is provided in an    DESCRIPTION         
additional Bias-SINEX file as pseudo-absolute values        DESCRIPTION         
specific to each observable.                                DESCRIPTION         
Note: These GIM results correspond to the results for the   DESCRIPTION         
middle day of a 3-day combination analysis solving for 73   DESCRIPTION         
times 256, or 18688 VTEC parameters and 3 daily sets of     DESCRIPTION         
GNSS code bias parameters.                                  DESCRIPTION         
Contact address: code(at)aiub.unibe.ch                      DESCRIPTION         
Data archive:    ftp.aiub.unibe.ch/CODE/                    DESCRIPTION         
                 www.aiub.unibe.ch/download/CODE/           DESCRIPTION         
  2019     2    14     0     0     0                        EPOCH OF FIRST MAP  
  2019     2    15     0     0     0                        EPOCH OF LAST MAP   
  3600                                                      INTERVAL            
[...]
chpg chti chur coco cord cpvg cpxf cro1 daej darw dav1 dgar COMMENT             
dhlg drao dubo ebre faa1 fair flin flrs frdn ftna func ganp COMMENT             
glps glsv gmsd gode godz gol2 gope gras graz guat guug harb COMMENT             
hers hert hlfx hnpt hob2 hofn holb hrao hyde iddr ieng iisc COMMENT             
impz ineg invk iqal irkj isba jog2 joz2 joze karr kerg kir0 COMMENT             
kiru kit3 kouc koug kour krgg lama laut lhaz lmmf lpal lpgs COMMENT             
m0se mac1 madr mag0 maju mal2 mana mas1 mat1 mate maui maw1 COMMENT             
mdo1 mdvj medi mets mgue mizu mkea mnls mobj mobk mobs monp COMMENT             
morp mqzg mro1 mtka nain nano naur nico nist nium nklg nnor COMMENT             
nrc1 nril nrmd ntus nya1 nyal ohi2 ohi3 onsa opmt ous2 pado COMMENT             
park pdel penc pert pfa2 pie1 pimo pol2 polv pots pove prds COMMENT             
ptag ptbb qaq1 quin rabt ramo rbay reun reyk rgdg rio2 riop COMMENT             
roth salu samo sant savo sch2 scor scrz sctb scub seyg sfer COMMENT             
shao sofi spt0 stjo stk2 str2 suth sutm suwn sydn syog tabv COMMENT             
tash thtg thti tid1 tidb tixg tixi tlse tn22 tnml tong tow2 COMMENT             
tro1 tsea tskb tuva twtf txes uclu ufpr ulab unb3 unbj unbn COMMENT             
unsa urum usn7 usud vald vill voim vtsp wab1 wab2 wark wes2 COMMENT             
wgtn whit will wind wsrt wtza wtzl wtzr wtzs wtzz xmis yakt COMMENT             
yar2 yar3 yarr ycba yell yssk zamb zeck zim2 zim3 zimj zimm COMMENT             
                                                            END OF HEADER       
     1                                                      START OF TEC MAP    
  2019     2    14     0     0     0                        EPOCH OF CURRENT MAP
    87.5-180.0 180.0   5.0 450.0                            LAT/LON1/LON2/DLON/H
   31   31   31   31   31   31   31   31   31   30   30   30   29   29   28   27
   26   26   25   24   23   22   21   20   20   19   18   17   17   16   16   15
   15   15   15   15   15   15   15   15   16   16   16   17   17   18   19   19
   20   20   21   21   22   23   23   24   24   25   25   26   27   27   28   28
   28   29   29   30   30   30   31   31   31
    85.0-180.0 180.0   5.0 450.0                            LAT/LON1/LON2/DLON/H
   37   37   37   38   38   38   39   39   38   38   38   37   36   35   34   33
   31   30   28   26   24   22   20   18   16   14   13   11   10    9    8    8
    7    7    7    7    7    8    8    9   10   11   12   13   14   15   16   17
   18   19   20   21   22   23   24   25   26   26   27   28   29   29   30   31
   31   32   33   34   34   35   35   36   37
    82.5-180.0 180.0   5.0 450.0                            LAT/LON1/LON2/DLON/H
   40   40   41   42   43   43   44   44   45   45   45   44   44   43   41   39
   37   35   32   29   26   22   19   16   13   11    8    6    4    3    2    1
    1    1    1    2    3    4    5    6    7    9   10   12   13   15   16   17
   19   20   21   22   23   24   25   25   26   27   28   28   29   30   31   32
   32   33   34   35   36   37   38   39   40
    80.0-180.0 180.0   5.0 450.0                            LAT/LON1/LON2/DLON/H
   40   41   42   43   44   45   47   48   49   50   50   51   50   49   48   45
   43   39   36   32   28   23   19   15   12    8    5    3    1    0    0    0
    0    0    0    1    2    3    5    6    8   10   11   13   15   16   18   19
   20   21   22   23   24   24   25   25   26   26   27   27   28   29   30   31
   32   33   34   35   36   37   38   39   40
    77.5-180.0 180.0   5.0 450.0                            LAT/LON1/LON2/DLON/H
   40   41   41   42   43   45   47   48   50   52   54   55   55   54   53   50
   47   43   38   34   29   24   19   15   11    7    5    2    1    0    0    0
    0    1    2    3    5    6    8    9   11   12   14   15   17   18   19   20
   21   22   23   23   24   24   24   24   25   25   25   25   26   27   28   29
   30   32   33   35   36   37   38   39   40
    75.0-180.0 180.0   5.0 450.0                            LAT/LON1/LON2/DLON/H
   40   40   40   41   41   42   44   47   49   52   54   56   57   56   55   52
   48   44   39   34   28   23   19   15   11    8    6    4    3    3    3    4
    5    6    7    8   10   11   12   13   14   15   16   17   18   19   20   21
   22   22   23   23   23   23   23   23   23   23   23   23   24   24   25   27
   28   30   32   34   36   38   39   40   40
    72.5-180.0 180.0   5.0 450.0                            LAT/LON1/LON2/DLON/H
   41   41   40   39   39   39   41   44   47   50   53   56   57   56   54   51
   47   42   36   31   26   22   18   14   12   10    8    8    8    8    9   10
   11   12   13   14   15   15   16   16   16   17   17   18   19   19   20   20
   21   21   21   22   22   22   22   22   22   22   22   22   22   23   24   25
   27   29   32   34   37   39   40   41   41
    70.0-180.0 180.0   5.0 450.0                            LAT/LON1/LON2/DLON/H
   44   43   41   39   37   37   38   40   44   48   51   54   55   54   52   48
   43   37   32   27   23   19   16   14   13   12   12   12   13   14   15   16
   18   19   19   19   19   18   17   17   17   16   16   17   17   17   18   18
   18   19   19   20   20   20   21   21   21   21   21   22   22   22   23   25
   27   29   32   35   38   41   43   44   44
    67.5-180.0 180.0   5.0 450.0                            LAT/LON1/LON2/DLON/H
   48   46   44   41   38   36   36   38   41   45   49   52   52   51   48   43
   38   32   27   23   19   16   15   14   14   14   14   15   17   18   20   21
   22   22   22   21   20   18   16   15   15   14   14   14   14   15   15   15
   15   16   16   17   18   18   19   20   21   22   22   23   23   24   25   26
   27   30   33   36   40   43   46   47   48
    65.0-180.0 180.0   5.0 450.0                            LAT/LON1/LON2/DLON/H
   52   51   48   44   40   37   36   37   40   44   48   50   50   48   45   39
   34   28   23   19   16   14   14   13   14   15   16   17   19   21   22   23
   24   23   22   20   18   15   13   12   11   11   12   12   12   12   12   12
   12   13   13   14   15   16   18   19   21   22   24   25   26   27   27   28
   29   31   34   37   41   45   48   51   52
    62.5-180.0 180.0   5.0 450.0                            LAT/LON1/LON2/DLON/H
   57   57   54   50   45   41   39   39   41   45   48   50   49   47   43   38
   32   27   22   18   15   14   13   13   14   15   16   18   20   21   23   23
   23   22   20   17   14   12   10    9    9   10   11   11   12   11   11   11
   11   11   12   13   14   15   16   18   21   23   25   27   29   30   31   31
   32   33   35   38   41   46   50   54   57
    60.0-180.0 180.0   5.0 450.0                            LAT/LON1/LON2/DLON/H
   61   63   62   58   52   47   44   43   44   47   49   50   50   47   43   39
   34   29   24   20   16   14   13   13   13   15   16   18   19   21   22   22
   22   20   17   14   12    9    8    9   10   12   13   14   14   14   13   12
   11   11   12   13   13   14   15   17   20   23   26   29   32   34   35   35
   36   36   37   39   42   46   52   57   61
    57.5-180.0 180.0   5.0 450.0                            LAT/LON1/LON2/DLON/H
   65   69   69   66   61   55   51   49   49   51   52   52   51   49   46   43
   39   34   29   24   19   15   13   13   13   15   16   18   20   21   22   22
   21   19   17   14   11   10   10   12   15   18   20   21   21   19   17   16
   15   15   15   15   15   15   15   16   18   22   26   30   34   36   38   39
   40   40   40   41   43   47   53   59   65
    55.0-180.0 180.0   5.0 450.0                            LAT/LON1/LON2/DLON/H
   69   75   77   76   71   65   60   57   56   56   56   55   53   52   50   48
   45   41   35   29   22   17   15   14   14   16   18   20   22   23   24   24
   23   21   19   17   15   15   17   20   25   28   31   31   30   27   25   23
   22   22   22   22   20   18   17   16   18   21   26   30   35   38   41   43
   43   44   44   44   46   49   54   61   69
    52.5-180.0 180.0   5.0 450.0                            LAT/LON1/LON2/DLON/H
   73   80   85   84   80   75   69   65   63   62   60   58   56   55   54   54
   53   48   42   34   26   20   17   17   18   20   23   25   26   27   28   28
   27   26   25   24   23   25   28   32   38   42   44   44   41   38   34   32
   32   32   32   31   28   24   20   18   19   22   26   31   36   40   43   45
   47   48   49   49   50   52   57   65   73
    50.0-180.0 180.0   5.0 450.0                            LAT/LON1/LON2/DLON/H
   77   86   91   92   89   84   78   74   71   69   65   62   59   58   59   60
   59   54   47   37   29   23   21   22   25   28   31   32   33   34   34   34
   34   34   33   33   34   37   41   46   51   56   58   57   53   48   45   43
   44   45   45   43   39   32   27   23   22   25   29   34   38   42   45   47
   50   52   54   55   56   58   62   69   77
    47.5-180.0 180.0   5.0 450.0                            LAT/LON1/LON2/DLON/H
   82   90   96   97   95   91   86   83   80   76   71   66   62   61   62   64
   63   58   50   41   33   29   29   32   36   39   42   42   42   41   41   41
   41   42   43   44   46   49   53   58   64   68   69   67   63   59   55   55
   56   58   59   57   51   43   35   30   29   31   35   39   43   45   47   49
   52   56   59   61   63   65   68   74   82
    45.0-180.0 180.0   5.0 450.0                            LAT/LON1/LON2/DLON/H
   87   93   98  100   99   95   92   90   87   83   77   71   66   65   66   67
   66   61   53   44   39   37   40   45   50   53   54   53   51   48   47   47
   48   49   51   53   56   58   63   68   73   76   77   75   71   67   65   65
   68   71   72   69   62   53   45   39   38   41   44   48   50   51   51   52
   54   58   63   67   70   73   76   81   87
    42.5-180.0 180.0   5.0 450.0                            LAT/LON1/LON2/DLON/H
   92   96   99  101   99   97   96   96   94   91   84   77   72   70   70   71
   69   63   56   50   48   50   55   62   67   68   67   63   58   54   51   51
   52   55   58   60   62   65   68   72   77   80   81   79   76   73   72   74
   78   82   83   79   72   62   54   49   49   52   56   59   59   58   57   56
   57   61   66   72   78   82   85   88   92
    40.0-180.0 180.0   5.0 450.0                            LAT/LON1/LON2/DLON/H
   97   99  100   99   98   97   98   99  100   97   92   85   79   76   75   75
   72   68   62   60   61   66   73   79   82   81   77   70   63   58   54   54
   55   58   62   64   66   67   70   73   77   80   81   81   79   78   78   81
   85   88   89   85   78   69   61   58   60   64   68   71   70   68   65   62
   61   64   69   77   85   90   94   95   97
    37.5-180.0 180.0   5.0 450.0                            LAT/LON1/LON2/DLON/H
  103  102  100   98   96   96   98  102  104  103   99   93   88   84   83   81
   78   74   72   72   77   84   91   95   95   90   83   75   66   60   56   56
   57   61   64   66   67   67   68   71   74   78   80   81   81   81   82   85
   88   91   90   86   79   71   66   64   68   74   79   82   81   78   74   70
   68   68   73   82   92   99  103  104  103
    35.0-180.0 180.0   5.0 450.0                            LAT/LON1/LON2/DLON/H
  111  107  102   97   95   95   98  103  107  108  105  101   97   93   91   88
   86   84   84   87   93  100  104  105  101   94   86   77   69   63   59   59
   60   63   65   67   67   66   67   68   72   75   79   81   82   83   85   86
   88   89   87   82   76   69   66   67   73   80   86   90   90   89   85   81
   77   76   80   89  100  109  114  114  111
    32.5-180.0 180.0   5.0 450.0                            LAT/LON1/LON2/DLON/H
  121  114  107  100   96   96   99  105  110  112  111  109  106  103  100   97
   94   94   97  101  107  110  110  107  100   92   85   78   72   68   65   64
   65   67   68   68   67   66   66   68   71   74   78   81   83   84   85   86
   85   83   80   76   70   65   64   67   74   82   90   95   97   98   96   93
   89   87   90   98  110  120  126  126  121
    30.0-180.0 180.0   5.0 450.0                            LAT/LON1/LON2/DLON/H
  133  125  115  106  101  100  103  108  113  115  116  115  114  111  108  104
  102  103  107  111  113  112  108  101   93   87   83   80   77   75   74   73
   73   72   72   71   69   68   68   69   72   76   79   81   83   84   84   83
   80   76   72   67   63   59   59   63   71   81   90   96  101  105  107  106
  104  102  103  111  122  133  139  139  133
    27.5-180.0 180.0   5.0 450.0                            LAT/LON1/LON2/DLON/H
  148  138  127  117  110  108  110  114  118  120  121  122  121  119  115  110
  108  109  112  113  111  105   97   88   82   80   81   84   86   86   86   84
   82   80   77   75   73   72   72   74   76   79   81   82   83   83   81   78
   73   68   64   60   56   54   54   59   67   77   87   95  103  110  116  119
  119  118  120  127  137  147  153  153  148
    25.0-180.0 180.0   5.0 450.0                            LAT/LON1/LON2/DLON/H
  163  154  143  131  123  119  120  122  125  126  127  128  128  125  120  114
  111  110  110  107  101   91   81   74   72   76   83   91   96   99   98   96
   92   87   82   79   77   77   78   79   81   82   82   81   81   79   77   72
   66   61   56   53   51   49   50   54   63   73   84   94  104  114  124  132
  135  136  138  144  153  162  168  168  163
    22.5-180.0 180.0   5.0 450.0                            LAT/LON1/LON2/DLON/H
  178  170  159  147  138  133  132  134  135  135  136  137  136  132  125  117
  112  108  103   95   85   73   65   62   67   77   89  100  107  110  109  105
   99   92   86   82   80   81   83   84   85   83   81   79   77   75   71   66
   59   54   51   49   48   46   46   51   59   71   82   94  106  119  132  142
  149  152  156  162  169  176  181  182  178
    20.0-180.0 180.0   5.0 450.0                            LAT/LON1/LON2/DLON/H
  192  186  176  165  155  149  148  148  148  148  148  149  147  141  132  121
  112  104   94   82   69   59   56   60   70   85   99  110  116  118  116  111
  103   95   87   83   82   83   85   86   85   82   78   74   71   68   65   59
   53   49   47   47   46   44   45   49   58   70   83   97  110  124  138  150
  160  166  171  177  183  188  192  193  192
    17.5-180.0 180.0   5.0 450.0                            LAT/LON1/LON2/DLON/H
  204  201  193  182  172  166  165  165  165  165  165  165  162  154  143  129
  116  102   88   73   61   55   58   68   83   98  110  117  121  121  118  112
  104   95   87   82   81   83   84   85   83   79   73   68   64   62   58   53
   48   45   45   45   45   43   43   48   58   72   87  102  116  130  144  157
  168  176  183  188  193  196  200  203  204
    15.0-180.0 180.0   5.0 450.0                            LAT/LON1/LON2/DLON/H
  213  214  209  199  190  184  183  185  186  187  187  186  181  172  159  143
  126  108   90   74   64   65   74   89  103  114  120  122  120  118  114  109
  102   94   86   82   80   81   81   81   78   73   66   61   58   56   53   49
   44   42   43   43   43   42   43   49   60   76   92  108  123  137  150  162
  173  182  190  195  198  201  204  209  213
    12.5-180.0 180.0   5.0 450.0                            LAT/LON1/LON2/DLON/H
  222  226  224  217  208  203  203  206  209  211  212  211  205  196  181  164
  144  123  102   87   82   89  103  117  127  130  127  121  115  112  109  106
  101   94   87   82   79   78   77   75   72   66   60   55   53   52   49   45
   42   40   41   41   41   40   42   50   63   80   98  115  130  144  155  166
  176  186  193  198  200  203  207  214  222
    10.0-180.0 180.0   5.0 450.0                            LAT/LON1/LON2/DLON/H
  230  237  239  234  228  224  224  228  233  237  239  238  232  222  208  190
  169  147  126  114  114  124  139  149  149  141  128  116  108  105  105  104
  102   97   91   86   81   77   73   70   66   61   56   52   50   49   48   44
   40   39   39   39   38   38   42   52   67   84  102  119  135  148  159  169
  178  187  194  198  200  202  208  218  230
     7.5-180.0 180.0   5.0 450.0                            LAT/LON1/LON2/DLON/H
  237  249  254  252  248  244  245  250  257  263  266  264  258  248  236  219
  199  177  159  150  153  165  175  175  164  145  125  109  102  101  104  107
  107  105  100   93   86   78   71   66   63   58   54   51   50   49   48   44
   40   39   38   38   37   37   43   55   70   87  103  120  136  150  161  170
  179  187  193  196  198  202  210  222  237
     5.0-180.0 180.0   5.0 450.0                            LAT/LON1/LON2/DLON/H
  244  259  267  269  267  265  266  271  279  286  289  286  280  271  261  247
  229  209  194  189  194  202  204  193  170  142  118  104  100  103  110  115
  117  116  111  103   92   81   71   65   62   59   55   52   51   51   49   45
   41   40   40   38   36   38   45   58   73   88  103  118  134  148  160  170
  178  185  191  194  196  201  211  226  244
     2.5-180.0 180.0   5.0 450.0                            LAT/LON1/LON2/DLON/H
  249  266  278  283  284  283  283  288  296  303  305  302  295  288  279  268
  253  237  226  223  227  230  221  198  165  134  112  102  104  112  121  127
  130  128  123  114  100   85   73   66   64   61   58   55   54   53   50   47
   44   43   43   41   38   40   48   61   76   89  100  113  128  143  156  167
  175  183  188  191  194  200  212  229  249
