workspace/datasets/gnss/JFNG/codg0450.19i
     1.0            IONOSPHERE MAPS     GNSS                IONEX VERSION / TYPE
ADDNEQ2 V5.3        AIUB                18-FEB-19 20:06     PGM / RUN BY / DATE 
CODE'S GLOBAL IONOSPHERE MAPS FOR DAY 045, 2019             COMMENT             
Global ionosphere maps (GIM) are generated on a daily basis DESCRIPTION         
at CODE using data from about 300 GNSS sites of the IGS and DESCRIPTION         
other institutions. The vertical total electron content     DESCRIPTION         
(VTEC) is modeled in a solar-geomagnetic reference frame    DESCRIPTION         
using a spherical harmonics expansion up to degree and      DESCRIPTION         
order 15. Piece-wise linear functions are used for          DESCRIPTION         
representation in the time domain. The time spacing of      DESCRIPTION         
their vertices is 1 hour, conforming with the epochs of the DESCRIPTION         
VTEC maps.                                                  DESCRIPTION         
To convert line-of-sight TEC into vertical TEC, a modified  DESCRIPTION         
single-layer model mapping function approximating the JPL   DESCRIPTION         
extended slab model mapping function is adopted. The        DESCRIPTION         
mapping function is evaluated at geodetic satellite         DESCRIPTION         
elevation angles. For the computation of the ionospheric    DESCRIPTION         
pierce points, a spherical layer with a radius of 6821 km   DESCRIPTION         
is assumed, implying geocentric, not geodetic IONEX         DESCRIPTION         
latitudes.                                                  DESCRIPTION         
Instrumental biases with respect to each involved GNSS code DESCRIPTION         
observable are estimated as constant values for each        DESCRIPTION         
day. They are modeled with one set of bias parameters for   DESCRIPTION         
each satellite and each station in case of GPS and for each DESCRIPTION         
satellite-station link in case of GLONASS. The code bias    DESCRIPTION         
datum is defined by zero-mean conditions imposed on the     DESCRIPTION         
satellite bias estimates. In this file, just GPS C1W-C2W    DESCRIPTION         
satellite and station bias values are included. The         DESCRIPTION         
complete set of GNSS code bias results is provided in an    DESCRIPTION         
additional Bias-SINEX file as pseudo-absolute values        DESCRIPTION         
specific to each observable.                                DESCRIPTION         
Note: These GIM results correspond to the results for the   DESCRIPTION         
middle day of a 3-day combination analysis solving for 73   DESCRIPTION         
times 256, or 18688 VTEC parameters and 3 daily sets of     DESCRIPTION         
GNSS code bias parameters.                                  DESCRIPTION         
Contact address: code(at)aiub.unibe.ch                      DESCRIPTION         
Data archive:    ftp.aiub.unibe.ch/CODE/                    DESCRIPTION         
                 www.aiub.unibe.ch/download/CODE/           DESCRIPTION         
  2019     2    14     0     0     0                        EPOCH OF FIRST MAP  
  2019     2    15     0     0     0                        EPOCH OF LAST MAP   
  3600                                                      INTERVAL            
[...]
chpg chti chur coco cord cpvg cpxf cro1 daej darw dav1 dgar COMMENT             
dhlg drao dubo ebre faa1 fair flin flrs frdn ftna func ganp COMMENT             
glps glsv gmsd gode godz gol2 gope gras graz guat guug harb COMMENT             
hers hert hlfx hnpt hob2 hofn holb hrao hyde iddr ieng iisc COMMENT             
impz ineg invk iqal irkj isba jog2 joz2 joze karr kerg kir0 COMMENT             
kiru kit3 kouc koug kour krgg lama laut lhaz lmmf lpal lpgs COMMENT             
m0se mac1 madr mag0 maju mal2 mana mas1 mat1 mate maui maw1 COMMENT             
mdo1 mdvj medi mets mgue mizu mkea mnls mobj mobk mobs monp COMMENT             
morp mqzg mro1 mtka nain nano naur nico nist nium nklg nnor COMMENT             
nrc1 nril nrmd ntus nya1 nyal ohi2 ohi3 onsa opmt ous2 pado COMMENT             
park pdel penc pert pfa2 pie1 pimo pol2 polv pots pove prds COMMENT             
ptag ptbb qaq1 quin rabt ramo rbay reun reyk rgdg rio2 riop COMMENT             
roth salu samo sant savo sch2 scor scrz sctb scub seyg sfer COMMENT             
shao sofi spt0 stjo stk2 str2 suth sutm suwn sydn syog tabv COMMENT             
tash thtg thti tid1 tidb tixg tixi tlse tn22 tnml tong tow2 COMMENT             
tro1 tsea tskb tuva twtf txes uclu ufpr ulab unb3 unbj unbn COMMENT             
unsa urum usn7 usud vald vill voim vtsp wab1 wab2 wark wes2 COMMENT             
wgtn whit will wind wsrt wtza wtzl wtzr wtzs wtzz xmis yakt COMMENT             
yar2 yar3 yarr ycba yell yssk zamb zeck zim2 zim3 zimj zimm COMMENT             
                                                            END OF HEADER       
[from data line 3432]
     9                                                      START OF TEC MAP    
  2019     2    14     8     0     0                        EPOCH OF CURRENT MAP
    87.5-180.0 180.0   5.0 450.0                            LAT/LON1/LON2/DLON/H
   26   27   27   28   28   29   29   29   30   30   30   30   30   30   30   30
   29   29   29   29   28   28   28   28   27   27   27   27   27   27   27   27
   27   26   26   26   26   26   26   26   25   25   25   25   24   24   24   23
   23   23   22   22   22   21   21   21   21   21   21   21   21   21   21   22
   22   22   23   23   24   24   25   26   26
    85.0-180.0 180.0   5.0 450.0                            LAT/LON1/LON2/DLON/H
   25   27   28   30   31   32   33   33   34   34   34   34   33   33   32   31
   30   29   28   27   26   25   24   24   23   23   23   23   23   23   24   24
   24   25   25   25   26   26   26   26   25   25   25   24   24   23   22   21
   20   20   19   18   17   16   16   15   15   14   14   14   14   14   14   15
   15   16   17   18   19   21   22   24   25
    82.5-180.0 180.0   5.0 450.0                            LAT/LON1/LON2/DLON/H
   23   26   28   31   33   35   37   38   38   38   38   37   36   34   32   30
   28   25   23   21   19   18   17   16   15   15   15   16   16   17   18   20
   21   22   23   24   25   26   26   26   26   26   25   25   24   23   22   21
   19   18   17   16   15   14   13   12   11   10    9    9    8    8    8    8
    9   10   11   12   14   16   18   21   23
    80.0-180.0 180.0   5.0 450.0                            LAT/LON1/LON2/DLON/H
   20   24   28   31   35   38   40   41   42   42   41   39   37   34   31   27
   24   20   17   14   11    9    8    7    6    6    7    8    9   11   13   15
   17   19   21   23   25   26   27   27   27   27   27   26   25   24   23   21
   20   19   18   17   15   14   13   13   12   11   10    9    8    7    7    6
    6    6    7    8    9   12   14   17   20
    77.5-180.0 180.0   5.0 450.0                            LAT/LON1/LON2/DLON/H
   17   21   26   30   35   38   41   43   44   44   42   40   37   33   28   24
   19   15   11    8    5    2    1    0    0    0    1    2    4    6    9   12
   15   17   20   22   24   26   27   28   28   28   28   27   27   26   25   24
   23   22   21   21   20   20   19   19   18   17   16   15   13   12   11    9
    8    7    6    6    7    9   11   14   17
    75.0-180.0 180.0   5.0 450.0                            LAT/LON1/LON2/DLON/H
   14   18   23   28   32   37   40   43   44   43   42   39   35   30   25   20
   16   11    8    4    2    0    0    0    0    0    0    0    2    5    7   10
   13   16   19   22   24   26   27   28   29   29   29   29   29   28   28   28
   27   27   27   27   28   28   28   29   28   28   27   26   24   22   19   17
   14   12   10    8    7    7    9   11   14
    72.5-180.0 180.0   5.0 450.0                            LAT/LON1/LON2/DLON/H
   11   14   18   23   28   33   37   40   41   40   39   36   32   27   23   18
   14   10    7    5    3    2    1    0    0    0    1    2    4    6    8   11
   13   16   19   21   23   25   26   28   29   30   31   32   32   32   33   33
   33   34   34   35   37   38   39   40   40   40   39   38   36   34   31   28
   24   20   17   13   10    9    8    9   11
    70.0-180.0 180.0   5.0 450.0                            LAT/LON1/LON2/DLON/H
    8   10   14   18   23   28   32   34   36   35   34   31   28   24   20   17
   14   12   10    9    8    7    7    6    6    6    6    7    8    9   10   12
   14   16   18   20   22   23   25   27   29   31   33   35   36   37   38   39
   40   40   41   43   44   46   48   49   50   50   50   48   47   44   41   38
   34   29   24   19   15   11    9    7    8
    67.5-180.0 180.0   5.0 450.0                            LAT/LON1/LON2/DLON/H
    7    7   10   13   18   22   25   28   29   29   28   26   23   21   19   17
   16   15   15   14   14   14   14   13   13   12   12   12   12   12   13   14
   15   17   18   19   20   22   24   26   29   32   36   39   42   44   45   45
   46   46   47   48   50   51   53   55   55   56   55   54   52   50   48   45
   41   36   31   26   20   15   10    8    7
    65.0-180.0 180.0   5.0 450.0                            LAT/LON1/LON2/DLON/H
    7    6    8   10   13   16   19   21   22   23   22   21   19   18   17   17
   17   18   18   19   19   19   18   18   17   16   15   15   15   15   15   15
   16   17   18   19   20   21   23   26   30   35   40   44   48   50   51   51
   51   51   50   51   52   53   55   56   56   56   55   54   53   51   49   47
   44   40   36   30   24   18   13    9    7
    62.5-180.0 180.0   5.0 450.0                            LAT/LON1/LON2/DLON/H
    9    8    8    9   11   13   15   16   17   17   17   17   16   16   17   17
   18   19   20   21   20   20   19   18   17   16   16   15   15   15   15   16
   16   17   18   19   20   22   24   28   33   39   45   51   55   57   58   57
   55   54   52   52   52   52   53   53   53   53   52   50   49   48   47   45
   43   41   37   32   27   21   16   12    9
    60.0-180.0 180.0   5.0 450.0                            LAT/LON1/LON2/DLON/H
   14   12   12   11   12   12   13   13   13   13   14   14   14   15   16   17
   18   19   19   19   18   16   15   14   13   13   13   14   14   14   14   15
   16   18   19   21   22   24   27   32   38   45   52   58   62   64   64   62
   59   56   54   52   51   51   51   51   50   49   47   46   44   43   42   41
   40   39   37   33   29   24   20   16   14
    57.5-180.0 180.0   5.0 450.0                            LAT/LON1/LON2/DLON/H
   20   19   18   17   16   14   13   13   12   12   12   13   13   14   15   16
   17   17   16   15   13   11    9    8    8    9   10   11   12   13   14   15
   17   19   22   25   27   30   34   39   45   53   60   66   70   71   70   66
   63   59   56   54   53   52   51   50   49   47   45   44   42   40   39   38
   38   37   35   33   31   28   25   22   20
    55.0-180.0 180.0   5.0 450.0                            LAT/LON1/LON2/DLON/H
   28   27   26   25   22   20   17   15   14   14   14   14   14   15   15   16
   15   15   13   11    8    5    3    3    4    6    8   10   11   12   14   15
   18   22   27   31   35   39   44   49   55   62   69   74   77   77   75   71
   68   64   61   59   58   57   55   54   52   51   49   47   44   42   40   39
   37   36   35   34   32   31   30   29   28
    52.5-180.0 180.0   5.0 450.0                            LAT/LON1/LON2/DLON/H
   36   37   36   33   30   26   23   20   19   18   17   17   16   16   16   15
   15   13   11    9    6    4    2    3    4    7    9   12   13   14   15   18
   21   27   33   40   46   51   56   61   67   74   79   83   85   84   81   78
   74   72   70   69   67   66   64   62   60   58   57   55   52   50   47   43
   41   38   37   36   35   35   35   36   36
    50.0-180.0 180.0   5.0 450.0                            LAT/LON1/LON2/DLON/H
   44   45   44   42   38   34   30   27   25   24   23   21   20   19   18   17
   16   14   13   11    9    8    8    9   11   14   16   18   18   19   19   22
   26   33   41   50   58   65   70   76   81   86   90   92   92   90   88   85
   83   82   82   81   80   77   75   72   70   69   67   66   64   60   56   51
   47   43   41   39   39   39   41   42   44
    47.5-180.0 180.0   5.0 450.0                            LAT/LON1/LON2/DLON/H
   49   51   51   49   45   41   38   35   33   32   30   28   25   23   22   20
   19   19   18   18   19   19   20   22   24   26   27   27   26   25   25   27
   32   40   51   61   71   79   85   90   94   98  101  101  100   98   96   94
   94   95   96   95   93   90   86   83   80   79   78   77   75   71   66   61
   55   49   45   43   43   43   45   47   49
    45.0-180.0 180.0   5.0 450.0                            LAT/LON1/LON2/DLON/H
   52   54   55   53   50   47   45   43   42   41   38   36   32   30   28   27
   26   27   28   30   33   36   38   40   41   41   40   38   35   33   32   34
   39   48   60   72   83   91   98  103  107  110  111  111  109  106  105  105
  106  108  109  108  105  100   95   90   87   85   84   83   82   79   75   69
   62   56   51   47   46   46   47   49   52
    42.5-180.0 180.0   5.0 450.0                            LAT/LON1/LON2/DLON/H
   52   54   55   55   53   51   50   50   51   50   48   44   41   38   36   35
   36   37   40   45   50   54   57   58   58   56   53   48   43   39   38   40
   47   57   69   81   93  102  109  114  117  120  121  120  118  116  114  115
  117  119  120  118  114  108  101   95   91   88   86   85   84   82   79   74
   68   61   55   51   48   47   48   49   52
    40.0-180.0 180.0   5.0 450.0                            LAT/LON1/LON2/DLON/H
   49   52   54   54   54   54   55   57   58   58   57   54   51   48   47   46
   47   49   53   59   66   71   74   74   72   68   62   55   49   45   43   46
   54   64   77   90  101  109  116  121  125  128  129  128  127  125  124  125
  126  128  128  125  119  112  104   97   92   88   85   83   83   82   81   77
   72   66   59   54   50   47   47   47   49
    37.5-180.0 180.0   5.0 450.0                            LAT/LON1/LON2/DLON/H
   47   49   51   52   53   54   57   61   64   65   64   62   60   59   59   58
   59   61   65   71   78   84   86   85   80   74   66   59   52   48   47   52
   60   72   84   96  106  114  120  125  129  133  135  135  135  133  133  133
  134  133  132  127  121  114  107  100   94   89   84   81   81   81   82   81
   78   72   65   58   52   48   46   45   47
    35.0-180.0 180.0   5.0 450.0                            LAT/LON1/LON2/DLON/H
   45   47   49   50   52   54   58   63   68   70   70   69   69   69   70   70
   69   70   74   79   86   91   92   89   83   75   66   58   52   49   50   56
   66   78   89  100  109  116  122  127  131  136  139  141  141  141  141  140
  139  137  134  129  124  118  113  107  102   95   89   85   84   85   88   89
   87   82   74   65   58   51   47   45   45
    32.5-180.0 180.0   5.0 450.0                            LAT/LON1/LON2/DLON/H
   47   48   49   50   51   53   58   64   69   72   73   74   75   77   79   79
   78   77   79   83   88   91   91   86   79   71   63   56   50   48   51   59
   70   82   94  103  111  116  121  126  132  137  142  145  147  148  147  145
  143  140  136  133  130  127  125  122  118  111  104   98   96   98  102  105
  104   98   89   78   67   59   52   48   47
    30.0-180.0 180.0   5.0 450.0                            LAT/LON1/LON2/DLON/H
   53   52   52   52   51   53   57   62   68   71   73   75   78   82   85   85
   83   81   81   83   86   88   86   80   73   66   59   52   48   47   52   61
   73   86   96  105  111  116  121  126  132  138  143  148  152  153  153  151
  148  145  143  141  142  143  145  146  143  138  130  123  120  122  127  130
  129  122  110   96   83   72   62   56   53
    27.5-180.0 180.0   5.0 450.0                            LAT/LON1/LON2/DLON/H
   64   61   58   56   54   53   56   61   65   69   71   74   78   83   87   87
   85   81   79   80   82   82   79   73   67   60   55   50   46   46   51   61
   74   87   98  106  111  116  121  126  132  139  145  151  156  159  160  158
  156  155  155  157  161  167  172  176  176  172  165  159  155  156  160  163
  161  151  137  120  104   90   78   70   64
    25.0-180.0 180.0   5.0 450.0                            LAT/LON1/LON2/DLON/H
   78   72   67   63   58   55   56   59   62   65   67   70   75   81   85   86
   83   79   76   76   77   76   72   67   62   57   53   49   45   44   49   59
   72   86   97  106  112  117  122  128  135  142  148  155  161  165  167  168
  169  170  173  179  186  194  203  209  212  210  205  199  195  196  199  200
  195  184  166  147  129  113   98   87   78
    22.5-180.0 180.0   5.0 450.0                            LAT/LON1/LON2/DLON/H
   94   85   78   71   64   59   58   58   60   61   63   66   71   76   80   81
   79   75   73   72   72   71   68   64   59   56   53   49   44   42   46   55
   69   83   95  105  112  119  125  132  139  146  153  160  167  172  177  181
  185  190  196  205  214  223  232  239  243  244  241  237  234  234  235  234
  227  214  195  174  154  136  120  106   94
    20.0-180.0 180.0   5.0 450.0                            LAT/LON1/LON2/DLON/H
  110   98   88   79   71   65   61   60   60   60   60   62   66   71   74   75
   73   71   69   68   69   68   66   63   59   57   53   49   43   40   42   50
   64   79   93  104  113  121  129  136  144  152  160  167  174  182  189  196
  203  212  222  232  240  248  255  261  266  268  268  267  265  264  264  260
  252  237  217  196  177  159  141  125  110
    17.5-180.0 180.0   5.0 450.0                            LAT/LON1/LON2/DLON/H
  124  109   97   88   79   72   67   64   62   60   59   60   63   66   68   69
   68   67   66   66   66   67   66   63   60   57   54   48   41   36   37   46
   59   75   90  103  114  123  132  141  150  159  167  175  184  192  201  211
  223  234  246  255  261  266  269  273  277  280  282  284  284  283  280  275
  265  250  231  212  193  176  158  141  124
    15.0-180.0 180.0   5.0 450.0                            LAT/LON1/LON2/DLON/H
  134  118  105   95   86   80   74   70   67   64   62   61   62   63   64   64
   64   64   64   64   65   66   66   64   61   58   53   46   38   33   33   42
   56   73   89  103  115  125  135  145  156  166  175  184  193  203  214  226
  240  253  264  272  274  274  273  274  276  280  284  288  289  288  284  277
  266  252  235  218  202  186  170  152  134
    12.5-180.0 180.0   5.0 450.0                            LAT/LON1/LON2/DLON/H
  140  123  110  101   93   87   82   78   73   69   66   65   64   63   62   62
   62   63   63   64   65   66   67   65   62   57   51   43   35   30   32   40
   55   72   89  103  115  126  136  148  159  171  183  193  203  213  225  238
  252  265  275  279  278  274  270  268  269  272  278  283  285  283  278  269
  259  246  232  217  203  190  175  158  140
    10.0-180.0 180.0   5.0 450.0                            LAT/LON1/LON2/DLON/H
  143  127  114  105   99   94   90   85   79   75   72   70   68   65   63   62
   62   63   63   64   65   66   67   66   62   55   48   40   33   29   32   42
   57   74   91  105  116  126  136  148  161  175  188  200  210  221  232  245
  258  270  277  279  274  268  263  260  260  263  269  274  277  274  267  258
  247  236  224  211  199  188  176  160  143
     7.5-180.0 180.0   5.0 450.0                            LAT/LON1/LON2/DLON/H
  144  129  116  108  103  100   95   90   85   80   77   75   73   69   66   64
   64   65   65   65   65   67   68   66   61   54   46   38   33   31   36   47
   63   79   94  106  117  125  135  146  160  175  190  203  215  225  236  247
  258  267  272  271  266  261  257  256  256  258  263  269  271  267  259  248
  238  227  216  204  193  183  173  160  144
     5.0-180.0 180.0   5.0 450.0                            LAT/LON1/LON2/DLON/H
  145  130  118  110  106  103   99   94   88   83   81   80   78   74   69   66
   66   67   67   66   66   67   68   66   61   54   46   39   35   36   43   55
   69   84   98  108  117  124  132  143  157  173  190  204  216  226  235  243
  252  259  262  260  257  255  256  258  259  261  265  270  272  267  257  245
  234  223  212  199  187  178  169  159  145
     2.5-180.0 180.0   5.0 450.0                            LAT/LON1/LON2/DLON/H
  146  132  120  112  107  104  100   95   89   84   83   82   81   77   72   69
   68   68   68   68   67   68   69   68   63   56   48   42   40   42   50   62
   76   90  101  109  116  122  129  139  153  170  187  201  213  222  229  236
  242  247  249  248  248  253  260  266  270  272  275  279  279  273  262  249
  238  226  213  197  184  174  166  158  146
