workspace/datasets/gnss/JFNG/codg0450.19i
     1.0            IONOSPHERE MAPS     GNSS                IONEX VERSION / TYPE
ADDNEQ2 V5.3        AIUB                18-FEB-19 20:06     PGM / RUN BY / DATE 
CODE'S GLOBAL IONOSPHERE MAPS FOR DAY 045, 2019             COMMENT             
Global ionosphere maps (GIM) are generated on a daily basis DESCRIPTION         
at CODE using data from about 300 GNSS sites of the IGS and DESCRIPTION         
other institutions. The vertical total electron content     DESCRIPTION         
(VTEC) is modeled in a solar-geomagnetic reference frame    DESCRIPTION         
using a spherical harmonics expansion up to degree and      DESCRIPTION         
order 15. Piece-wise linear functions are used for          DESCRIPTION         
representation in the time domain. The time spacing of      DESCRIPTION         
their vertices is 1 hour, conforming with the epochs of the DESCRIPTION         
VTEC maps.                                                  DESCRIPTION         
To convert line-of-sight TEC into vertical TEC, a modified  DESCRIPTION         
single-layer model mapping function approximating the JPL   DESCRIPTION         
extended slab model mapping function is adopted. The        DESCRIPTION         
mapping function is evaluated at geodetic satellite         DESCRIPTION         
elevation angles. For the computation of the ionospheric    DESCRIPTION         
pierce points, a spherical layer with a radius of 6821 km   DESCRIPTION         
is assumed, implying geocentric, not geodetic IONEX         DESCRIPTION         
latitudes.                                                  DESCRIPTION         
Instrumental biases with respect to each involved GNSS code DESCRIPTION         
observable are estimated as constant values for each        DESCRIPTION         
day. They are modeled with one set of bias parameters for   DESCRIPTION         
each satellite and each station in case of GPS and for each DESCRIPTION         
satellite-station link in case of GLONASS. The code bias    DESCRIPTION         
datum is defined by zero-mean conditions imposed on the     DESCRIPTION         
satellite bias estimates. In this file, just GPS C1W-C2W    DESCRIPTION         
satellite and station bias values are included. The         DESCRIPTION         
complete set of GNSS code bias results is provided in an    DESCRIPTION         
additional Bias-SINEX file as pseudo-absolute values        DESCRIPTION         
specific to each observable.                                DESCRIPTION         
Note: These GIM results correspond to the results for the   DESCRIPTION         
middle day of a 3-day combination analysis solving for 73   DESCRIPTION         
times 256, or 18688 VTEC parameters and 3 daily sets of     DESCRIPTION         
GNSS code bias parameters.                                  DESCRIPTION         
Contact address: code(at)aiub.unibe.ch                      DESCRIPTION         
Data archive:    ftp.aiub.unibe.ch/CODE/                    DESCRIPTION         
                 www.aiub.unibe.ch/download/CODE/           DESCRIPTION         
  2019     2    14     0     0     0                        EPOCH OF FIRST MAP  
  2019     2    15     0     0     0                        EPOCH OF LAST MAP   
  3600                                                      INTERVAL            
[...]
chpg chti chur coco cord cpvg cpxf cro1 daej darw dav1 dgar COMMENT             
dhlg drao dubo ebre faa1 fair flin flrs frdn ftna func ganp COMMENT             
glps glsv gmsd gode godz gol2 gope gras graz guat guug harb COMMENT             
hers hert hlfx hnpt hob2 hofn holb hrao hyde iddr ieng iisc COMMENT             
impz ineg invk iqal irkj isba jog2 joz2 joze karr kerg kir0 COMMENT             
kiru kit3 kouc koug kour krgg lama laut lhaz lmmf lpal lpgs COMMENT             
m0se mac1 madr mag0 maju mal2 mana mas1 mat1 mate maui maw1 COMMENT             
mdo1 mdvj medi mets mgue mizu mkea mnls mobj mobk mobs monp COMMENT             
morp mqzg mro1 mtka nain nano naur nico nist nium nklg nnor COMMENT             
nrc1 nril nrmd ntus nya1 nyal ohi2 ohi3 onsa opmt ous2 pado COMMENT             
park pdel penc pert pfa2 pie1 pimo pol2 polv pots pove prds COMMENT             
ptag ptbb qaq1 quin rabt ramo rbay reun reyk rgdg rio2 riop COMMENT             
roth salu samo sant savo sch2 scor scrz sctb scub seyg sfer COMMENT             
shao sofi spt0 stjo stk2 str2 suth sutm suwn sydn syog tabv COMMENT             
tash thtg thti tid1 tidb tixg tixi tlse tn22 tnml tong tow2 COMMENT             
tro1 tsea tskb tuva twtf txes uclu ufpr ulab unb3 unbj unbn COMMENT             
unsa urum usn7 usud vald vill voim vtsp wab1 wab2 wark wes2 COMMENT             
wgtn whit will wind wsrt wtza wtzl wtzr wtzs wtzz xmis yakt COMMENT             
yar2 yar3 yarr ycba yell yssk zamb zeck zim2 zim3 zimj zimm COMMENT             
                                                            END OF HEADER       
[from data line 1287]
     4                                                      START OF TEC MAP    
  2019     2    14     3     0     0                        EPOCH OF CURRENT MAP
    87.5-180.0 180.0   5.0 450.0                            LAT/LON1/LON2/DLON/H
   23   23   23   23   23   23   23   23   23   23   23   23   23   23   23   22
   22   22   22   21   21   21   20   20   20   19   19   19   18   18   18   18
   18   18   17   17   17   17   17   18   18   18   18   18   18   18   18   19
   19   19   19   19   19   20   20   20   20   20   20   21   21   21   21   21
   21   22   22   22   22   22   22   22   23
    85.0-180.0 180.0   5.0 450.0                            LAT/LON1/LON2/DLON/H
   24   25   25   25   25   26   26   26   26   27   27   27   27   27   26   26
   25   25   24   23   22   21   20   19   19   18   17   16   16   15   15   14
   14   14   14   14   15   15   15   15   16   16   16   17   17   17   18   18
   18   19   19   19   20   20   20   21   21   21   21   22   22   22   22   23
   23   23   23   23   23   24   24   24   24
    82.5-180.0 180.0   5.0 450.0                            LAT/LON1/LON2/DLON/H
   26   26   26   27   27   28   28   29   29   30   30   31   31   31   30   30
   29   28   27   26   24   22   21   19   17   16   14   13   12   11   11   11
   11   11   11   12   13   13   14   14   15   16   16   17   17   17   18   18
   19   19   19   20   20   21   21   22   22   23   23   24   24   24   24   25
   25   25   25   25   25   25   25   26   26
    80.0-180.0 180.0   5.0 450.0                            LAT/LON1/LON2/DLON/H
   27   27   27   28   28   28   29   30   31   32   33   33   34   34   34   34
   33   32   30   28   26   23   21   18   16   13   11   10    9    8    8    8
    8    9   10   11   12   13   14   14   15   16   16   17   17   17   18   18
   18   19   20   20   21   22   23   24   25   25   26   27   27   27   28   28
   28   28   28   28   28   28   28   28   27
    77.5-180.0 180.0   5.0 450.0                            LAT/LON1/LON2/DLON/H
   30   30   29   29   29   29   29   30   31   32   33   35   35   36   36   36
   35   34   32   30   27   24   21   18   15   12   10    8    7    6    6    6
    7    8    9   11   12   13   14   15   16   16   16   17   17   17   17   17
   18   19   20   21   22   24   25   26   28   29   30   30   31   32   32   32
   33   33   33   33   33   32   32   31   30
    75.0-180.0 180.0   5.0 450.0                            LAT/LON1/LON2/DLON/H
   34   33   31   30   29   29   29   29   30   31   32   34   35   36   36   36
   36   35   33   31   29   25   22   18   15   12    9    7    6    6    6    7
    8    9   10   12   13   14   15   15   16   16   16   16   15   15   15   16
   16   17   19   21   23   25   27   29   31   33   34   35   35   36   36   37
   37   37   38   38   38   37   37   36   34
    72.5-180.0 180.0   5.0 450.0                            LAT/LON1/LON2/DLON/H
   39   37   35   33   31   29   29   28   29   29   30   31   32   33   33   34
   34   34   33   31   29   26   23   19   16   13   10    9    8    8    8    9
   10   11   12   13   14   14   14   14   14   14   14   13   13   13   13   13
   14   16   18   21   24   27   30   33   35   36   37   38   39   39   39   40
   40   41   42   43   43   43   43   41   39
    70.0-180.0 180.0   5.0 450.0                            LAT/LON1/LON2/DLON/H
   45   42   39   36   33   31   29   28   27   27   27   27   27   28   29   29
   30   31   31   30   29   26   24   20   17   15   13   11   11   11   11   12
   13   13   14   13   13   13   12   12   12   11   11   10   10   10   10   11
   12   14   17   21   25   29   33   36   38   40   41   41   41   40   40   41
   42   43   45   47   48   49   48   47   45
    67.5-180.0 180.0   5.0 450.0                            LAT/LON1/LON2/DLON/H
   50   47   43   39   36   32   30   28   27   25   24   23   23   22   23   24
   25   27   28   28   27   26   24   21   18   16   15   14   14   14   15   16
   16   15   14   13   11   10    9    8    8    8    7    7    7    7    7    8
   10   13   17   21   26   31   35   38   41   42   43   42   41   40   40   40
   41   43   46   48   51   53   53   52   50
    65.0-180.0 180.0   5.0 450.0                            LAT/LON1/LON2/DLON/H
   55   51   47   43   39   35   32   29   27   25   22   20   18   17   17   18
   20   22   24   25   25   24   23   21   19   17   16   16   17   17   18   18
   17   16   14   11    9    6    5    4    4    5    5    5    5    6    6    7
   10   13   17   22   27   32   36   40   42   44   44   43   41   40   39   38
   39   41   45   48   52   55   56   56   55
    62.5-180.0 180.0   5.0 450.0                            LAT/LON1/LON2/DLON/H
   58   55   51   46   42   38   34   31   29   25   22   19   16   14   13   14
   16   19   21   22   22   22   20   19   17   17   17   17   18   19   20   19
   18   16   13    9    6    3    2    2    3    4    5    6    6    6    7    8
   11   14   18   23   28   33   37   41   43   45   45   44   42   40   38   38
   38   40   43   47   52   56   58   59   58
    60.0-180.0 180.0   5.0 450.0                            LAT/LON1/LON2/DLON/H
   60   58   54   50   45   41   37   34   31   27   23   19   15   12   11   12
   14   16   18   19   19   18   17   16   15   15   16   17   18   19   20   20
   18   15   12    8    5    3    2    3    4    6    8    9    9    9   10   11
   13   17   21   26   30   34   38   41   44   45   46   46   44   43   41   39
   39   40   43   47   51   56   59   61   60
    57.5-180.0 180.0   5.0 450.0                            LAT/LON1/LON2/DLON/H
   62   60   57   53   48   44   40   37   33   29   25   20   16   13   12   12
   14   16   17   17   16   14   13   13   13   14   15   17   18   19   20   19
   18   16   13   10    7    6    6    8   10   13   14   15   15   14   14   15
   18   21   25   29   33   36   39   42   45   47   49   49   49   48   46   45
   43   43   45   48   52   56   60   62   62
    55.0-180.0 180.0   5.0 450.0                            LAT/LON1/LON2/DLON/H
   65   63   60   56   52   47   43   40   36   32   27   22   18   15   14   14
   15   16   16   15   13   12   11   11   12   14   16   18   19   20   20   20
   19   18   17   15   14   14   15   17   20   23   24   24   22   21   21   22
   24   28   31   35   38   40   42   44   46   49   52   55   56   56   55   53
   51   50   50   51   54   57   61   64   65
    52.5-180.0 180.0   5.0 450.0                            LAT/LON1/LON2/DLON/H
   68   67   64   60   55   51   47   43   38   34   29   25   21   18   17   17
   18   18   16   14   12   11   11   12   15   17   20   21   22   22   22   22
   22   23   23   23   24   25   27   30   33   35   35   33   31   29   28   29
   32   36   40   43   44   45   46   47   50   53   58   62   65   66   66   64
   62   59   57   56   58   60   64   66   68
    50.0-180.0 180.0   5.0 450.0                            LAT/LON1/LON2/DLON/H
   71   71   68   64   60   55   50   46   41   36   32   28   24   22   21   21
   20   19   18   15   14   13   15   18   22   25   27   27   27   26   26   26
   27   29   32   34   36   38   41   44   46   47   46   43   40   37   37   38
   42   46   50   52   53   53   53   53   55   58   63   68   73   76   76   75
   72   68   65   62   62   64   67   70   71
    47.5-180.0 180.0   5.0 450.0                            LAT/LON1/LON2/DLON/H
   75   74   72   69   64   60   55   49   44   39   35   31   28   26   25   24
   23   22   20   19   18   20   24   28   33   36   37   36   35   33   31   31
   34   37   41   45   48   51   54   57   58   58   56   52   48   46   45   48
   52   57   61   64   64   63   62   61   62   65   69   74   79   82   84   84
   81   76   71   68   66   67   70   73   75
    45.0-180.0 180.0   5.0 450.0                            LAT/LON1/LON2/DLON/H
   77   77   75   72   69   64   60   54   48   43   38   35   32   31   29   28
   27   25   24   25   27   31   36   42   47   49   49   47   43   40   38   38
   40   45   50   55   58   61   64   66   68   67   64   60   56   54   55   58
   63   69   73   76   76   75   72   70   70   71   74   78   82   86   88   89
   86   81   76   71   69   70   73   76   77
    42.5-180.0 180.0   5.0 450.0                            LAT/LON1/LON2/DLON/H
   80   79   78   75   72   69   65   59   53   47   43   40   38   36   34   32
   31   30   31   33   38   45   52   58   62   62   60   57   52   48   45   44
   47   52   57   62   65   68   70   72   73   72   69   65   62   62   64   68
   74   80   85   87   87   86   83   80   78   78   78   80   83   87   89   90
   89   84   79   74   71   72   75   78   80
    40.0-180.0 180.0   5.0 450.0                            LAT/LON1/LON2/DLON/H
   82   81   79   77   75   73   70   65   59   53   49   47   45   43   41   38
   37   37   40   45   52   60   68   73   75   73   70   65   59   55   51   50
   53   57   62   66   68   70   71   73   74   74   72   69   68   69   72   78
   84   89   94   96   96   95   92   89   87   84   83   83   84   86   90   92
   91   87   81   76   73   74   77   80   82
    37.5-180.0 180.0   5.0 450.0                            LAT/LON1/LON2/DLON/H
   84   82   80   78   77   77   75   70   64   59   55   54   53   51   49   46
   45   46   50   57   66   75   81   85   84   80   75   69   64   60   56   55
   57   61   65   68   68   68   69   71   73   74   73   72   72   75   80   86
   91   96  100  102  102  102  100   97   95   92   89   87   87   89   92   96
   96   92   86   81   78   78   81   84   84
    35.0-180.0 180.0   5.0 450.0                            LAT/LON1/LON2/DLON/H
   89   86   82   80   80   80   79   75   70   65   62   61   61   60   57   55
   54   56   61   69   78   85   90   90   87   81   75   70   66   63   60   59
   61   64   67   68   67   65   65   68   71   73   74   74   76   79   85   91
   96   99  102  104  105  105  105  104  102  101   98   96   95   97  101  106
  107  104   98   91   87   87   88   90   89
    32.5-180.0 180.0   5.0 450.0                            LAT/LON1/LON2/DLON/H
   97   93   87   84   83   83   83   79   74   69   67   68   68   68   66   63
   63   65   70   77   85   90   92   90   84   77   72   69   67   65   63   63
   64   66   68   68   65   63   62   65   69   72   74   75   77   82   88   93
   97  100  102  104  105  106  107  109  111  112  112  111  111  114  119  125
  128  125  118  110  103  100  100   99   97
    30.0-180.0 180.0   5.0 450.0                            LAT/LON1/LON2/DLON/H
  110  104   97   91   89   88   87   83   78   73   71   72   74   74   73   71
   71   73   77   82   86   89   88   83   77   70   67   66   66   66   66   66
   67   69   70   69   65   62   61   64   68   72   74   75   77   82   87   93
   96   98  100  102  104  106  109  114  121  126  130  132  134  138  145  153
  157  155  147  136  127  120  116  114  110
    27.5-180.0 180.0   5.0 450.0                            LAT/LON1/LON2/DLON/H
  126  119  111  103   97   94   91   87   82   77   74   75   77   77   77   76
   76   77   79   81   82   81   78   73   67   63   62   63   65   67   67   68
   70   72   73   71   67   63   61   64   68   72   73   73   75   79   84   89
   93   96   98  100  103  106  112  121  132  143  153  159  163  169  178  186
  192  190  182  169  156  145  137  132  126
    25.0-180.0 180.0   5.0 450.0                            LAT/LON1/LON2/DLON/H
  146  138  129  118  109  102   98   93   86   80   76   76   77   79   79   79
   79   78   77   75   73   70   66   62   59   57   59   62   66   68   69   70
   72   75   77   75   70   65   63   65   69   71   71   70   70   74   79   84
   89   93   97  100  104  108  116  128  145  162  177  187  195  202  211  221
  227  227  218  204  187  172  160  152  146
    22.5-180.0 180.0   5.0 450.0                            LAT/LON1/LON2/DLON/H
  167  160  149  136  123  114  107  100   93   85   80   77   77   78   79   79
   79   76   72   67   62   58   56   54   54   56   59   63   67   68   69   71
   74   77   79   78   73   68   66   66   69   70   68   65   64   67   72   79
   85   92   98  103  107  113  122  138  159  182  201  215  224  232  241  250
  257  258  251  236  217  198  183  173  167
    20.0-180.0 180.0   5.0 450.0                            LAT/LON1/LON2/DLON/H
  186  181  171  156  140  127  118  110  102   93   85   80   78   78   78   78
   77   73   66   59   53   51   50   52   55   59   63   67   68   69   69   70
   74   78   80   79   75   70   67   66   67   66   63   59   58   60   66   74
   83   92  100  107  113  120  131  149  173  199  221  237  247  254  261  270
  277  280  275  261  241  219  202  192  186
    17.5-180.0 180.0   5.0 450.0                            LAT/LON1/LON2/DLON/H
  203  201  192  177  158  143  132  124  115  105   95   87   81   79   79   79
   76   71   62   54   50   49   52   56   61   66   69   71   70   69   68   69
   72   76   79   79   75   70   66   64   64   62   57   53   51   54   60   70
   82   93  104  113  120  128  141  161  187  213  236  252  261  266  271  277
  284  288  286  275  256  234  216  207  203
    15.0-180.0 180.0   5.0 450.0                            LAT/LON1/LON2/DLON/H
  217  218  211  196  177  160  149  141  132  120  108   97   89   84   83   81
   78   71   63   56   53   56   61   67   72   75   76   75   72   68   67   68
   71   74   77   76   73   68   63   61   59   56   52   47   46   49   57   69
   82   96  109  119  127  137  152  172  197  223  244  258  265  267  268  272
  278  283  285  278  262  242  226  218  217
    12.5-180.0 180.0   5.0 450.0                            LAT/LON1/LON2/DLON/H
  228  231  228  214  195  178  167  160  151  139  125  112  101   94   90   88
   83   76   68   64   64   70   76   81   84   85   83   78   73   69   67   67
   69   72   73   73   70   65   60   56   54   51   46   43   42   46   56   69
   84   99  112  123  133  145  161  182  205  227  245  256  261  260  258  259
  263  270  274  272  261  245  231  225  228
    10.0-180.0 180.0   5.0 450.0                            LAT/LON1/LON2/DLON/H
  237  243  241  229  212  196  186  180  171  159  144  129  117  108  102   97
   92   85   79   77   81   88   94   96   95   92   87   80   74   70   68   68
   69   70   71   70   68   63   57   52   49   46   43   40   40   45   56   70
   86  102  115  126  137  151  168  188  209  227  241  249  252  250  246  244
  246  252  259  261  255  243  233  231  237
     7.5-180.0 180.0   5.0 450.0                            LAT/LON1/LON2/DLON/H
  245  253  253  243  227  214  205  199  191  179  164  148  135  124  116  110
  103   97   93   94  100  106  110  108  102   95   88   81   76   72   71   71
   71   71   70   69   66   61   55   50   46   44   41   39   40   46   58   73
   89  104  116  127  139  154  172  192  210  224  234  240  242  239  235  231
  232  237  245  249  248  242  236  237  245
     5.0-180.0 180.0   5.0 450.0                            LAT/LON1/LON2/DLON/H
  253  261  262  254  242  230  223  216  208  195  181  166  153  141  131  123
  116  110  108  110  117  122  122  115  105   95   88   82   78   76   76   76
   75   73   71   69   66   61   54   49   45   43   41   40   41   48   61   76
   92  106  116  126  138  154  173  192  207  218  225  230  233  233  230  227
  226  229  235  241  243  242  240  244  253
     2.5-180.0 180.0   5.0 450.0                            LAT/LON1/LON2/DLON/H
  259  267  268  263  253  244  237  230  221  208  195  181  168  155  144  135
  127  122  121  124  130  132  127  116  104   94   87   84   82   82   82   82
   79   75   72   70   67   62   55   49   46   44   42   41   43   51   63   79
   94  107  116  125  136  153  172  189  202  210  216  222  228  232  232  230
  228  229  233  238  242  243  245  251  259
