workspace/datasets/gnss/BRUX_2024/COD0OPSFIN_20240900000_01D_01H_GIM.INX
     1.0            IONOSPHERE MAPS     GNSS                IONEX VERSION / TYPE
ADDNEQ2 V5.5        AIUB                03-APR-24 21:42     PGM / RUN BY / DATE 
CODE'S GLOBAL IONOSPHERE MAPS FOR DAY 090, 2024             COMMENT             
Global ionosphere maps (GIM) are generated on a daily basis DESCRIPTION         
at CODE using data from about 300 GNSS sites of the IGS and DESCRIPTION         
other institutions. The vertical total electron content     DESCRIPTION         
(VTEC) is modeled in a solar-geomagnetic reference frame    DESCRIPTION         
using a spherical harmonics expansion up to degree and      DESCRIPTION         
order 15. Piece-wise linear functions are used for          DESCRIPTION         
representation in the time domain. The time spacing of      DESCRIPTION         
their vertices is 1 hour, conforming with the epochs of the DESCRIPTION         
VTEC maps.                                                  DESCRIPTION         
To convert line-of-sight TEC into vertical TEC, a modified  DESCRIPTION         
single-layer model mapping function approximating the JPL   DESCRIPTION         
extended slab model mapping function is adopted. The        DESCRIPTION         
mapping function is evaluated at geodetic satellite         DESCRIPTION         
elevation angles. For the computation of the ionospheric    DESCRIPTION         
pierce points, a spherical layer with a radius of 6821 km   DESCRIPTION         
is assumed, implying geocentric, not geodetic IONEX         DESCRIPTION         
latitudes.                                                  DESCRIPTION         
Instrumental biases with respect to each involved GNSS code DESCRIPTION         
observable are estimated as constant values for each        DESCRIPTION         
day. They are modeled with one set of bias parameters for   DESCRIPTION         
each satellite and each station in case of GPS and for each DESCRIPTION         
satellite-station link in case of GLONASS. The code bias    DESCRIPTION         
datum is defined by zero-mean conditions imposed on the     DESCRIPTION         
satellite bias estimates. In this file, just GPS C1W-C2W    DESCRIPTION         
satellite and station bias values are included. The         DESCRIPTION         
complete set of GNSS code bias results is provided in an    DESCRIPTION         
additional Bias-SINEX file as pseudo-absolute values        DESCRIPTION         
specific to each observable.                                DESCRIPTION         
Note: These GIM results correspond to the results for the   DESCRIPTION         
middle day of a 3-day combination analysis solving for 73   DESCRIPTION         
times 256, or 18688 VTEC parameters and 3 daily sets of     DESCRIPTION         
GNSS code bias parameters.                                  DESCRIPTION         
Contact address: code(at)aiub.unibe.ch                      DESCRIPTION         
Data archive:    ftp.aiub.unibe.ch/CODE/                    DESCRIPTION         
                 www.aiub.unibe.ch/download/CODE/           DESCRIPTION         
  2024     3    30     0     0     0                        EPOCH OF FIRST MAP  
  2024     3    31     0     0     0                        EPOCH OF LAST MAP   
  3600                                                      INTERVAL            
[...]
azgb badg bake bako barh bjfs bndy boav bogo bogt bor1 braz COMMENT             
brft brst brux cags cas1 ccj2 cedu chpg chti chur ckis coco COMMENT             
cord cpvg cpxf cro1 daej darw dav1 dgar dhlg drao dubo ebre COMMENT             
faa1 fair flin flrs frdn func ganp glps glsv gol2 gold gope COMMENT             
gras graz guam guat guug harb hers hert hlfx hnpt hob2 hofn COMMENT             
holb hrao hyde iddr ieng iisc impz ineg invk iqal jog2 joz2 COMMENT             
joze karr kerg kir0 kiri kiru kit3 kokb kokv kouc koug kour COMMENT             
krgg lama laut lmmf lpgs m0se mac1 madr mal2 mana mas1 mat1 COMMENT             
mate maw1 mcm4 mdo1 mdvj medi mets mgue mizu mkea mnls mobs COMMENT             
monp morp mqzg mro1 mtka nano naur nico nist nium nklg nlib COMMENT             
nnor not1 nrc1 nrmd ntus nya1 nyal onsa opmt ous2 pado parc COMMENT             
park pdel penc pert pie1 pimo pohn pol2 polv pots pove ptag COMMENT             
ptbb ptvl qaq1 quin rabt ramo reun reyk rgdg rio2 roth salu COMMENT             
samo sant savo sch2 scor scrz sctb scub seyg sfer sofi spt0 COMMENT             
ssia sthl stjo stk2 str2 suth sutm sydn syog tabv tash thtg COMMENT             
thti thu2 tid1 tidb tlse tn22 tong tro1 tskb twtf txes uclu COMMENT             
ufpr ulab unb3 unbj unsa urum usn7 usud vald vill voim vtsp COMMENT             
wab1 wab2 wark wgtn whit will wind wsrt wtza wtzl wtzr wtzs COMMENT             
wtzz wuhn xmis yar2 yar3 yarr yell ykro zeck zim2 zim3 zimm COMMENT             
                                                            END OF HEADER       
[from data line 9867]
    24                                                      START OF TEC MAP    
  2024     3    30    23     0     0                        EPOCH OF CURRENT MAP
    87.5-180.0 180.0   5.0 450.0                            LAT/LON1/LON2/DLON/H
  201  205  209  213  217  221  224  228  231  234  237  240  242  244  246  247
  248  248  248  248  247  246  245  243  242  239  237  234  231  228  225  222
  218  215  212  208  204  201  197  194  190  187  184  181  178  175  173  170
  168  166  165  163  162  162  161  161  161  162  163  164  165  167  169  171
  174  177  180  183  186  190  194  197  201
    85.0-180.0 180.0   5.0 450.0                            LAT/LON1/LON2/DLON/H
  197  204  212  219  226  234  241  248  254  261  266  271  276  280  282  284
  285  286  285  283  281  278  275  271  266  262  256  251  246  240  235  229
  223  217  211  206  200  194  188  182  176  171  165  160  154  150  145  141
  137  134  131  128  127  125  125  125  125  126  128  130  133  136  140  144
  149  154  159  165  171  177  184  190  197
    82.5-180.0 180.0   5.0 450.0                            LAT/LON1/LON2/DLON/H
  199  207  216  225  235  244  254  263  273  282  290  297  303  308  311  313
  313  312  309  305  300  294  288  281  273  266  259  252  244  238  231  225
  218  212  206  199  193  186  179  173  166  159  152  145  138  132  126  120
  115  111  107  104  102  101  100  101  102  104  106  110  114  119  124  130
  137  143  151  158  166  174  182  190  199
    80.0-180.0 180.0   5.0 450.0                            LAT/LON1/LON2/DLON/H
  212  220  228  236  245  255  265  276  287  298  308  317  324  329  332  332
  330  325  319  311  302  293  283  273  263  253  245  237  229  223  217  211
  206  202  197  192  186  180  174  167  160  153  145  137  130  123  116  110
  104  100   96   93   92   91   91   92   94   97  101  106  111  118  125  133
  142  151  160  170  179  187  196  204  212
    77.5-180.0 180.0   5.0 450.0                            LAT/LON1/LON2/DLON/H
  241  246  251  256  262  270  279  289  301  312  323  333  340  344  345  342
  336  327  316  303  290  276  263  251  239  229  220  213  207  202  198  195
  192  190  188  185  182  177  172  166  160  152  145  137  129  121  114  108
  103   99   96   94   93   93   95   97  100  105  110  116  123  132  141  152
  163  175  187  199  210  220  228  235  241
    75.0-180.0 180.0   5.0 450.0                            LAT/LON1/LON2/DLON/H
  285  286  286  286  287  291  297  305  316  327  339  348  354  356  353  346
  335  321  304  287  270  253  238  225  213  203  195  189  185  182  181  180
  181  181  181  181  179  177  173  168  162  155  148  140  132  125  119  113
  108  105  103  102  103  105  108  112  116  122  128  135  144  154  166  180
  195  211  227  242  256  268  277  282  285
    72.5-180.0 180.0   5.0 450.0                            LAT/LON1/LON2/DLON/H
  340  337  331  325  320  318  320  326  335  346  357  365  369  368  361  349
  332  312  291  270  250  232  217  204  194  186  179  175  172  171  171  172
  174  176  177  178  178  176  172  168  163  156  150  143  137  130  125  120
  116  113  112  113  115  119  124  129  135  142  149  157  167  179  193  209
  228  248  269  290  308  323  334  339  340
    70.0-180.0 180.0   5.0 450.0                            LAT/LON1/LON2/DLON/H
  395  389  380  368  357  350  348  350  358  368  378  385  387  382  371  353
  331  307  283  260  240  223  210  199  191  184  179  175  173  171  171  172
  173  174  175  176  174  172  169  164  159  154  149  143  138  133  128  124
  121  119  119  120  124  129  136  144  152  160  168  177  188  200  215  234
  256  280  306  331  355  374  388  395  395
    67.5-180.0 180.0   5.0 450.0                            LAT/LON1/LON2/DLON/H
  440  434  423  408  394  383  377  377  383  392  401  406  406  399  384  362
  337  311  285  263  245  230  220  212  206  201  196  191  187  184  181  179
  177  176  174  172  169  165  160  155  150  146  142  139  136  132  128  124
  121  119  119  121  125  132  141  151  162  172  182  192  203  216  232  251
  274  301  330  359  387  410  428  438  440
    65.0-180.0 180.0   5.0 450.0                            LAT/LON1/LON2/DLON/H
  465  463  454  440  426  413  405  404  408  415  423  427  425  415  398  376
  351  325  301  282  266  255  248  242  237  232  226  219  212  205  198  191
  185  179  174  167  161  154  148  142  138  135  133  132  130  128  124  120
  116  113  111  113  118  126  137  150  164  177  190  202  214  227  242  261
  284  310  339  370  399  425  446  460  465
    62.5-180.0 180.0   5.0 450.0                            LAT/LON1/LON2/DLON/H
  469  473  470  461  450  439  431  428  430  435  440  442  439  429  413  393
  371  349  330  314  302  293  287  282  277  270  263  253  243  231  220  208
  196  185  174  163  153  144  136  130  126  125  124  125  124  122  118  113
  107  102   99  100  104  114  127  143  160  178  194  208  222  236  251  268
  288  312  338  365  393  418  441  458  469
    60.0-180.0 180.0   5.0 450.0                            LAT/LON1/LON2/DLON/H
  454  466  471  472  467  461  455  451  450  451  452  451  446  437  425  410
  394  379  366  354  344  336  329  323  316  308  298  287  273  258  242  225
  208  192  176  162  149  138  129  123  120  119  120  121  121  118  113  105
   97   90   86   85   89   99  114  133  155  177  197  215  231  246  261  277
  294  312  332  353  375  397  418  438  454
    57.5-180.0 180.0   5.0 450.0                            LAT/LON1/LON2/DLON/H
  430  449  465  476  481  481  478  473  469  464  459  453  446  439  431  424
  418  410  403  394  384  375  365  357  348  338  327  314  300  283  264  243
  222  201  181  165  150  139  130  124  122  122  123  124  122  118  110  101
   91   82   76   74   78   87  104  126  151  177  202  224  243  260  275  290
  304  317  330  343  357  372  390  409  430
    55.0-180.0 180.0   5.0 450.0                            LAT/LON1/LON2/DLON/H
  407  433  459  481  497  504  504  499  489  477  464  452  442  436  434  435
  437  437  433  425  414  402  390  378  368  358  347  334  320  302  282  259
  234  211  190  172  158  148  140  135  133  134  134  133  130  123  113  101
   91   82   75   72   75   84  101  124  152  182  211  236  258  277  294  308
  320  330  337  343  349  356  368  385  407
    52.5-180.0 180.0   5.0 450.0                            LAT/LON1/LON2/DLON/H
  398  427  460  491  516  531  535  529  514  494  472  452  438  432  433  441
  449  454  453  444  430  415  401  389  378  369  359  347  333  316  295  271
  245  220  199  182  171  162  157  153  151  151  151  148  142  132  120  108
   98   90   84   81   82   90  106  130  160  192  222  250  274  294  313  328
  341  350  355  357  357  358  363  376  398
    50.0-180.0 180.0   5.0 450.0                            LAT/LON1/LON2/DLON/H
  406  435  471  509  541  563  571  565  546  519  488  460  440  432  434  445
  456  462  459  448  433  416  403  393  384  376  366  354  340  323  302  277
  251  227  207  193  184  179  175  173  171  170  168  164  155  144  131  120
  112  106  102   99   99  105  119  142  172  204  235  262  287  308  328  346
  362  374  381  384  382  380  380  388  406
    47.5-180.0 180.0   5.0 450.0                            LAT/LON1/LON2/DLON/H
  432  457  492  531  568  595  608  604  584  552  515  479  453  440  441  449
  459  462  456  442  426  413  403  398  392  383  372  357  341  322  300  276
  251  228  212  202  196  194  192  189  187  186  183  178  169  157  144  135
  130  127  125  122  121  124  135  156  185  216  245  271  294  315  336  357
  378  395  409  417  419  417  416  419  432
    45.0-180.0 180.0   5.0 450.0                            LAT/LON1/LON2/DLON/H
  468  487  517  555  593  624  641  641  623  591  550  510  479  461  456  459
  461  458  447  433  419  412  410  409  406  395  378  357  335  314  291  268
  245  226  213  207  205  205  203  200  198  196  194  189  180  169  159  152
  150  150  149  146  142  141  150  168  195  224  252  275  296  315  337  360
  385  409  431  448  458  462  461  461  468
    42.5-180.0 180.0   5.0 450.0                            LAT/LON1/LON2/DLON/H
  506  518  542  574  611  645  667  673  660  630  591  549  515  492  480  474
  468  457  442  428  420  420  426  431  426  409  383  353  325  300  278  256
  237  222  214  211  212  212  210  206  203  202  200  197  190  181  173  169
  169  170  169  164  156  153  158  175  200  227  253  274  292  310  331  356
  384  414  444  471  491  502  504  503  506
    40.0-180.0 180.0   5.0 450.0                            LAT/LON1/LON2/DLON/H
  537  544  561  588  621  655  682  694  689  665  630  591  557  530  512  498
  482  464  446  434  432  441  453  459  449  424  387  347  313  286  265  248
  233  223  219  219  220  220  216  211  208  207  207  206  202  194  188  184
  184  185  181  173  163  156  159  174  198  225  249  269  285  303  324  350
  379  412  447  482  510  528  536  537  537
    37.5-180.0 180.0   5.0 450.0                            LAT/LON1/LON2/DLON/H
  558  563  575  597  626  658  688  706  707  692  663  630  598  571  548  527
  504  482  463  455  459  473  486  487  469  433  387  341  305  279  262  249
  240  234  233  234  235  233  228  222  219  219  220  220  216  210  203  198
  196  193  186  174  161  152  153  167  191  218  243  263  281  300  321  346
  375  408  444  481  514  538  552  556  558
    35.0-180.0 180.0   5.0 450.0                            LAT/LON1/LON2/DLON/H
  571  579  590  606  631  660  690  711  718  709  688  661  634  609  585  560
  534  510  493  488  495  508  515  507  479  434  385  341  309  289  277  269
  263  260  260  261  259  255  249  244  242  243  244  242  237  229  220  211
  204  196  185  170  155  144  145  158  182  210  238  261  282  303  325  350
  377  406  439  474  508  535  553  564  571
    32.5-180.0 180.0   5.0 450.0                            LAT/LON1/LON2/DLON/H
  582  597  610  625  644  669  696  717  726  721  705  685  664  643  620  594
  568  545  530  527  532  538  534  514  476  429  385  351  330  320  314  309
  305  302  300  298  293  287  281  279  280  281  280  274  264  252  238  224
  211  197  182  165  149  139  139  151  175  206  237  265  290  315  339  363
  388  412  440  469  499  525  548  566  582
    30.0-180.0 180.0   5.0 450.0                            LAT/LON1/LON2/DLON/H
  600  625  644  658  673  692  714  732  740  735  723  707  691  674  652  628
  603  582  569  565  563  557  538  505  463  422  392  378  374  375  373  368
  361  355  349  342  334  326  322  324  328  330  324  312  295  276  257  238
  218  199  181  164  149  140  139  151  175  207  241  275  305  333  360  384
  406  427  448  471  495  520  545  573  600
    27.5-180.0 180.0   5.0 450.0                            LAT/LON1/LON2/DLON/H
  630  667  692  707  718  732  748  762  765  759  748  735  723  707  686  661
  637  617  603  593  581  561  528  487  447  421  414  422  437  446  444  434
  420  408  397  386  373  365  364  372  381  382  370  349  324  299  275  251
  226  204  185  170  158  150  148  158  180  213  252  290  325  355  383  407
  429  448  465  483  503  526  555  590  630
    25.0-180.0 180.0   5.0 450.0                            LAT/LON1/LON2/DLON/H
  673  720  752  768  776  785  797  806  807  799  788  777  766  749  725  697
  669  646  627  608  585  552  511  469  440  433  450  481  509  520  513  492
  470  451  436  420  405  396  399  413  426  426  408  378  345  315  289  262
  236  213  195  183  174  167  164  171  191  225  267  308  345  376  403  427
  450  470  488  505  524  547  579  622  673
    22.5-180.0 180.0   5.0 450.0                            LAT/LON1/LON2/DLON/H
  723  776  812  829  835  842  852  861  861  854  845  837  826  806  775  739
  702  670  641  612  578  538  497  463  449  462  498  541  572  578  560  528
  498  475  457  439  422  412  419  437  453  452  428  391  354  322  295  270
  245  224  209  201  195  188  183  186  204  238  282  325  362  391  416  441
  465  489  512  534  555  580  616  665  723
    20.0-180.0 180.0   5.0 450.0                            LAT/LON1/LON2/DLON/H
  771  826  862  877  883  891  904  916  920  918  916  914  904  879  839  789
  739  692  649  608  568  529  497  477  479  505  547  589  610  602  570  529
  496  474  459  442  424  414  420  440  457  453  425  384  345  316  294  273
  252  235  224  218  213  206  199  199  215  249  294  338  373  399  421  445
  473  503  534  563  591  620  659  710  771
    17.5-180.0 180.0   5.0 450.0                            LAT/LON1/LON2/DLON/H
  806  857  890  903  909  921  941  960  973  981  990  997  992  965  914  849
  781  717  658  606  564  534  517  513  526  552  584  607  607  581  538  495
  466  454  447  434  416  402  406  423  437  430  399  357  321  298  283  269
  254  241  234  230  225  217  208  206  221  255  300  344  377  400  420  444
  475  511  549  588  623  658  698  749  806
    15.0-180.0 180.0   5.0 450.0                            LAT/LON1/LON2/DLON/H
  823  866  892  902  910  927  955  985 1009 1030 1053 1074 1078 1051  993  915
  830  748  674  615  575  557  556  566  579  590  595  585  559  517  470  435
  420  424  430  424  406  387  383  393  400  388  356  316  286  270  263  257
  249  241  236  232  226  217  207  204  219  253  298  342  375  397  417  442
  475  516  561  606  649  688  728  773  823
    12.5-180.0 180.0   5.0 450.0                            LAT/LON1/LON2/DLON/H
  822  855  873  880  889  913  949  987 1020 1053 1091 1128 1145 1125 1065  979
  883  787  702  638  602  596  608  621  622  605  571  525  473  423  384  367
  375  399  421  422  403  378  363  361  358  339  305  268  245  237  238  239
  236  232  228  223  216  206  197  195  210  244  289  333  367  392  415  443
  479  522  569  619  666  707  744  782  822
    10.0-180.0 180.0   5.0 450.0                            LAT/LON1/LON2/DLON/H
  810  834  845  850  861  889  930  972 1010 1049 1097 1148 1180 1171 1119 1034
  934  833  742  676  643  643  659  665  643  589  515  437  371  326  307  316
  350  394  429  436  415  382  354  337  321  294  258  225  207  205  211  216
  217  215  212  206  198  188  181  182  198  230  274  319  356  387  417  451
  490  532  578  628  676  717  751  781  810
     7.5-180.0 180.0   5.0 450.0                            LAT/LON1/LON2/DLON/H
  801  818  825  828  840  870  912  952  985 1021 1071 1131 1175 1182 1143 1069
  976  879  789  723  691  689  696  683  632  544  439  345  282  256  266  303
  358  416  457  466  442  401  360  329  300  264  225  193  179  179  185  191
  194  193  190  183  174  167  163  167  183  214  256  301  344  384  424  465
  507  547  589  636  682  722  753  779  801
     5.0-180.0 180.0   5.0 450.0                            LAT/LON1/LON2/DLON/H
  805  820  827  830  843  872  910  941  962  984 1025 1082 1134 1155 1134 1079
 1002  918  837  773  736  722  709  671  592  480  365  276  234  239  279  337
  402  461  500  506  478  430  380  337  297  254  211  179  163  161  165  168
  170  170  166  159  151  147  148  154  170  197  237  284  333  382  432  482
  526  564  602  643  688  729  760  785  805
     2.5-180.0 180.0   5.0 450.0                            LAT/LON1/LON2/DLON/H
  829  848  857  863  876  903  934  953  955  955  976 1020 1070 1100 1097 1064
 1010  944  876  816  771  737  697  632  533  417  314  254  248  288  349  414
  473  519  545  543  511  461  407  357  310  261  215  180  161  154  151  149
  148  147  143  137  131  130  135  143  157  181  218  267  322  380  440  496
  542  578  611  650  695  739  775  804  829
