workspace/datasets/gnss/BRUX_2024/COD0OPSFIN_20240900000_01D_01H_GIM.INX
     1.0            IONOSPHERE MAPS     GNSS                IONEX VERSION / TYPE
ADDNEQ2 V5.5        AIUB                03-APR-24 21:42     PGM / RUN BY / DATE 
CODE'S GLOBAL IONOSPHERE MAPS FOR DAY 090, 2024             COMMENT             
Global ionosphere maps (GIM) are generated on a daily basis DESCRIPTION         
at CODE using data from about 300 GNSS sites of the IGS and DESCRIPTION         
other institutions. The vertical total electron content     DESCRIPTION         
(VTEC) is modeled in a solar-geomagnetic reference frame    DESCRIPTION         
using a spherical harmonics expansion up to degree and      DESCRIPTION         
order 15. Piece-wise linear functions are used for          DESCRIPTION         
representation in the time domain. The time spacing of      DESCRIPTION         
their vertices is 1 hour, conforming with the epochs of the DESCRIPTION         
VTEC maps.                                                  DESCRIPTION         
To convert line-of-sight TEC into vertical TEC, a modified  DESCRIPTION         
single-layer model mapping function approximating the JPL   DESCRIPTION         
extended slab model mapping function is adopted. The        DESCRIPTION         
mapping function is evaluated at geodetic satellite         DESCRIPTION         
elevation angles. For the computation of the ionospheric    DESCRIPTION         
pierce points, a spherical layer with a radius of 6821 km   DESCRIPTION         
is assumed, implying geocentric, not geodetic IONEX         DESCRIPTION         
latitudes.                                                  DESCRIPTION         
Instrumental biases with respect to each involved GNSS code DESCRIPTION         
observable are estimated as constant values for each        DESCRIPTION         
day. They are modeled with one set of bias parameters for   DESCRIPTION         
each satellite and each station in case of GPS and for each DESCRIPTION         
satellite-station link in case of GLONASS. The code bias    DESCRIPTION         
datum is defined by zero-mean conditions imposed on the     DESCRIPTION         
satellite bias estimates. In this file, just GPS C1W-C2W    DESCRIPTION         
satellite and station bias values are included. The         DESCRIPTION         
complete set of GNSS code bias results is provided in an    DESCRIPTION         
additional Bias-SINEX file as pseudo-absolute values        DESCRIPTION         
specific to each observable.                                DESCRIPTION         
Note: These GIM results correspond to the results for the   DESCRIPTION         
middle day of a 3-day combination analysis solving for 73   DESCRIPTION         
times 256, or 18688 VTEC parameters and 3 daily sets of     DESCRIPTION         
GNSS code bias parameters.                                  DESCRIPTION         
Contact address: code(at)aiub.unibe.ch                      DESCRIPTION         
Data archive:    ftp.aiub.unibe.ch/CODE/                    DESCRIPTION         
                 www.aiub.unibe.ch/download/CODE/           DESCRIPTION         
  2024     3    30     0     0     0                        EPOCH OF FIRST MAP  
  2024     3    31     0     0     0                        EPOCH OF LAST MAP   
  3600                                                      INTERVAL            
[...]
azgb badg bake bako barh bjfs bndy boav bogo bogt bor1 braz COMMENT             
brft brst brux cags cas1 ccj2 cedu chpg chti chur ckis coco COMMENT             
cord cpvg cpxf cro1 daej darw dav1 dgar dhlg drao dubo ebre COMMENT             
faa1 fair flin flrs frdn func ganp glps glsv gol2 gold gope COMMENT             
gras graz guam guat guug harb hers hert hlfx hnpt hob2 hofn COMMENT             
holb hrao hyde iddr ieng iisc impz ineg invk iqal jog2 joz2 COMMENT             
joze karr kerg kir0 kiri kiru kit3 kokb kokv kouc koug kour COMMENT             
krgg lama laut lmmf lpgs m0se mac1 madr mal2 mana mas1 mat1 COMMENT             
mate maw1 mcm4 mdo1 mdvj medi mets mgue mizu mkea mnls mobs COMMENT             
monp morp mqzg mro1 mtka nano naur nico nist nium nklg nlib COMMENT             
nnor not1 nrc1 nrmd ntus nya1 nyal onsa opmt ous2 pado parc COMMENT             
park pdel penc pert pie1 pimo pohn pol2 polv pots pove ptag COMMENT             
ptbb ptvl qaq1 quin rabt ramo reun reyk rgdg rio2 roth salu COMMENT             
samo sant savo sch2 scor scrz sctb scub seyg sfer sofi spt0 COMMENT             
ssia sthl stjo stk2 str2 suth sutm sydn syog tabv tash thtg COMMENT             
thti thu2 tid1 tidb tlse tn22 tong tro1 tskb twtf txes uclu COMMENT             
ufpr ulab unb3 unbj unsa urum usn7 usud vald vill voim vtsp COMMENT             
wab1 wab2 wark wgtn whit will wind wsrt wtza wtzl wtzr wtzs COMMENT             
wtzz wuhn xmis yar2 yar3 yarr yell ykro zeck zim2 zim3 zimm COMMENT             
                                                            END OF HEADER       
[from data line 6435]
    16                                                      START OF TEC MAP    
  2024     3    30    15     0     0                        EPOCH OF CURRENT MAP
    87.5-180.0 180.0   5.0 450.0                            LAT/LON1/LON2/DLON/H
  275  277  279  281  283  285  287  289  291  293  295  296  298  299  300  300
  301  301  301  301  300  300  299  298  297  296  295  293  292  290  288  287
  285  283  281  280  278  276  274  273  271  270  269  268  266  265  265  264
  263  263  262  262  261  261  261  261  261  261  261  261  261  262  262  263
  263  264  265  267  268  269  271  273  275
    85.0-180.0 180.0   5.0 450.0                            LAT/LON1/LON2/DLON/H
  262  266  270  275  280  285  290  295  299  303  307  311  313  316  317  318
  319  319  319  318  316  315  313  311  309  307  304  302  299  296  294  291
  288  285  282  279  276  273  270  267  265  263  261  260  258  257  257  256
  256  256  256  256  256  255  255  255  255  254  253  252  252  251  250  249
  249  249  249  250  252  253  256  259  262
    82.5-180.0 180.0   5.0 450.0                            LAT/LON1/LON2/DLON/H
  241  247  253  260  268  276  284  292  300  306  313  318  322  325  327  328
  328  327  326  324  321  319  317  314  312  309  307  304  302  299  297  294
  291  287  284  280  277  273  270  267  264  262  260  259  258  258  258  259
  260  262  263  265  266  267  267  267  266  264  262  259  255  251  247  243
  240  236  234  232  232  232  234  237  241
    80.0-180.0 180.0   5.0 450.0                            LAT/LON1/LON2/DLON/H
  215  221  228  237  247  258  270  281  291  301  310  316  322  325  327  327
  326  324  321  318  315  313  310  308  307  305  305  304  303  302  300  299
  297  294  291  287  284  280  276  273  270  268  266  266  266  268  270  273
  277  281  285  288  291  293  295  294  293  289  285  278  271  263  254  246
  237  229  222  216  212  210  209  211  215
    77.5-180.0 180.0   5.0 450.0                            LAT/LON1/LON2/DLON/H
  188  193  201  210  222  235  249  263  276  288  299  307  313  317  318  318
  316  312  309  305  302  300  299  298  299  300  302  303  305  306  307  307
  306  304  302  299  296  292  288  285  282  280  280  280  282  285  289  295
  301  307  314  319  324  328  330  330  327  322  315  305  294  281  267  253
  239  226  214  203  195  189  186  186  188
    75.0-180.0 180.0   5.0 450.0                            LAT/LON1/LON2/DLON/H
  165  168  175  184  196  209  224  240  255  270  282  293  300  304  305  304
  301  298  294  291  289  288  289  291  295  299  303  307  310  313  316  317
  317  317  315  313  310  306  303  300  298  296  296  298  301  305  311  318
  325  333  341  348  354  359  360  360  356  349  340  327  312  295  278  259
  241  224  208  194  182  173  167  164  165
    72.5-180.0 180.0   5.0 450.0                            LAT/LON1/LON2/DLON/H
  148  149  154  162  172  185  200  216  232  248  263  275  284  289  291  291
  288  285  283  281  281  283  287  292  298  304  310  315  320  323  326  327
  328  328  327  325  322  319  316  314  312  312  312  314  318  323  329  336
  343  351  358  365  370  373  374  372  367  359  347  332  315  296  276  256
  236  217  200  185  172  161  154  149  148
    70.0-180.0 180.0   5.0 450.0                            LAT/LON1/LON2/DLON/H
  137  137  140  145  153  164  177  192  209  226  243  257  268  276  280  280
  280  278  278  279  282  288  295  302  310  317  323  327  331  333  334  335
  335  335  334  332  329  327  325  324  323  323  324  326  329  333  338  343
  348  353  358  362  364  365  363  359  352  342  329  314  296  277  257  238
  219  202  187  173  161  152  144  139  137
    67.5-180.0 180.0   5.0 450.0                            LAT/LON1/LON2/DLON/H
  130  129  130  134  139  147  158  171  187  205  223  240  254  264  271  274
  276  277  280  285  292  300  310  319  327  334  338  340  340  340  340  339
  338  337  335  334  332  330  329  328  328  329  330  332  334  336  338  339
  340  340  340  338  336  332  328  321  312  301  287  271  254  236  219  203
  189  176  165  156  148  141  136  132  130
    65.0-180.0 180.0   5.0 450.0                            LAT/LON1/LON2/DLON/H
  122  122  123  126  129  134  142  153  168  186  205  224  241  254  264  271
  275  280  287  295  305  317  328  338  345  349  350  349  347  345  342  340
  339  337  335  333  331  329  329  329  330  331  332  332  332  331  329  325
  321  315  308  301  293  284  276  267  256  244  230  215  199  183  169  158
  149  142  137  133  130  127  125  123  122
    62.5-180.0 180.0   5.0 450.0                            LAT/LON1/LON2/DLON/H
  111  113  116  118  121  125  130  139  152  169  189  210  229  246  259  268
  276  285  295  306  319  332  344  353  358  360  358  354  350  346  344  342
  341  339  337  334  332  330  329  330  331  332  332  331  327  323  316  308
  298  286  273  260  246  233  222  210  199  186  173  158  143  130  119  112
  108  107  107  108  109  110  110  110  111
    60.0-180.0 180.0   5.0 450.0                            LAT/LON1/LON2/DLON/H
   97  101  106  110  114  117  122  129  141  157  177  199  220  238  253  266
  277  288  301  315  329  342  353  361  364  364  360  356  351  349  348  348
  349  348  346  342  338  336  334  335  336  336  335  331  324  316  305  293
  279  262  245  227  209  194  180  168  156  144  131  117  103   92   83   78
   78   80   84   87   90   92   93   95   97
    57.5-180.0 180.0   5.0 450.0                            LAT/LON1/LON2/DLON/H
   82   87   94  101  107  112  117  124  135  150  169  191  212  232  248  262
  276  290  305  320  334  346  356  362  364  363  360  356  354  355  358  362
  365  367  365  360  354  350  347  346  347  346  342  335  326  314  301  286
  270  251  231  211  191  174  160  148  138  127  115  103   90   78   70   66
   66   69   73   76   78   79   79   80   82
    55.0-180.0 180.0   5.0 450.0                            LAT/LON1/LON2/DLON/H
   71   76   84   93  102  110  117  124  135  150  168  189  209  228  244  260
  275  291  307  322  336  346  354  359  361  361  361  360  362  367  375  384
  391  394  392  387  379  372  367  365  364  361  356  346  334  320  305  290
  273  255  235  214  194  177  164  154  145  137  127  116  104   93   84   79
   77   77   79   79   78   75   72   70   71
    52.5-180.0 180.0   5.0 450.0                            LAT/LON1/LON2/DLON/H
   68   70   78   88   99  110  120  130  142  157  174  193  211  228  244  259
  276  293  310  325  337  346  353  358  362  366  369  372  378  387  398  411
  421  426  425  418  409  400  393  389  386  382  374  362  347  332  317  302
  287  269  250  231  212  196  185  177  171  165  158  149  139  129  119  112
  106  103  100   97   92   85   77   71   68
    50.0-180.0 180.0   5.0 450.0                            LAT/LON1/LON2/DLON/H
   78   76   79   88  101  114  127  140  154  170  187  203  219  234  248  263
  281  299  316  330  341  349  356  364  372  379  386  393  401  411  424  438
  450  457  457  451  440  430  421  415  410  404  394  380  364  348  333  319
  305  289  271  252  234  220  209  203  199  196  193  187  180  172  163  154
  145  138  131  124  117  107   96   86   78
    47.5-180.0 180.0   5.0 450.0                            LAT/LON1/LON2/DLON/H
  100   92   90   95  106  120  136  153  170  188  205  220  233  245  258  273
  290  309  326  339  350  358  368  379  391  404  413  421  428  436  447  461
  473  482  484  480  470  459  449  440  433  425  414  399  382  365  350  335
  321  305  287  268  250  236  226  220  217  216  216  215  212  208  201  192
  182  172  163  155  147  137  126  113  100
    45.0-180.0 180.0   5.0 450.0                            LAT/LON1/LON2/DLON/H
  132  118  109  107  114  127  145  165  187  207  226  240  252  262  273  286
  303  321  338  352  363  373  386  402  420  435  446  452  456  459  466  477
  489  500  506  506  499  489  477  466  455  445  432  416  399  381  364  348
  332  314  294  274  256  241  230  222  219  218  220  222  225  226  223  216
  207  196  187  180  175  169  160  147  132
    42.5-180.0 180.0   5.0 450.0                            LAT/LON1/LON2/DLON/H
  167  148  132  123  124  135  153  175  200  225  245  261  272  281  291  303
  319  336  351  365  378  391  409  430  451  469  480  483  481  480  482  490
  502  516  527  534  532  523  509  494  480  466  451  434  416  397  378  359
  339  317  295  273  254  237  224  214  207  205  206  211  218  223  225  223
  216  208  200  197  196  196  193  183  167
    40.0-180.0 180.0   5.0 450.0                            LAT/LON1/LON2/DLON/H
  197  176  155  140  135  141  157  180  209  236  260  278  291  300  310  321
  334  349  363  377  392  409  431  456  480  499  508  509  504  500  500  506
  519  537  557  571  575  568  552  532  511  492  474  456  436  416  395  372
  348  322  297  275  255  238  223  209  198  191  189  193  201  209  215  217
  215  210  205  204  208  214  217  212  197
    37.5-180.0 180.0   5.0 450.0                            LAT/LON1/LON2/DLON/H
  219  198  174  155  144  144  157  180  210  241  269  290  305  317  327  337
  347  359  371  386  403  425  450  476  501  518  528  530  527  525  527  535
  551  575  602  625  636  631  611  584  556  530  508  487  466  444  420  395
  367  340  315  294  276  260  244  227  210  197  189  187  192  200  208  213
  215  212  209  209  214  223  231  230  219
    35.0-180.0 180.0   5.0 450.0                            LAT/LON1/LON2/DLON/H
  227  210  187  166  151  146  155  176  205  239  269  294  313  328  339  349
  357  365  376  392  412  436  462  488  510  527  539  547  554  561  571  585
  606  636  670  701  717  712  688  653  616  583  555  530  507  484  460  433
  406  380  358  341  329  317  302  283  262  241  224  214  211  213  219  226
  230  229  224  220  220  226  233  235  227
    32.5-180.0 180.0   5.0 450.0                            LAT/LON1/LON2/DLON/H
  224  211  192  173  157  148  152  169  197  231  264  292  315  334  347  356
  362  369  379  396  419  445  470  491  510  527  545  566  589  613  635  658
  684  718  758  794  813  807  778  735  690  650  616  587  561  538  515  490
  466  445  431  422  418  411  400  382  358  332  306  284  269  261  261  266
  270  269  260  246  234  230  230  230  224
    30.0-180.0 180.0   5.0 450.0                            LAT/LON1/LON2/DLON/H
  214  205  192  177  163  152  150  162  188  221  255  286  312  334  350  359
  365  371  382  402  427  453  474  490  504  522  551  589  634  679  717  748
  779  815  857  894  914  906  872  823  772  726  686  653  625  602  582  562
  545  531  526  528  532  533  528  513  490  461  428  395  366  346  336  337
  339  335  318  290  261  239  227  220  214
    27.5-180.0 180.0   5.0 450.0                            LAT/LON1/LON2/DLON/H
  201  195  189  181  170  157  152  159  180  211  245  277  306  330  348  359
  365  373  387  410  438  462  478  487  497  520  562  621  689  754  805  843
  875  909  949  985 1002  991  954  902  849  801  758  721  691  670  653  640
  629  623  627  637  650  658  659  650  632  604  568  528  488  455  436  430
  429  420  394  350  300  257  227  210  201
    25.0-180.0 180.0   5.0 450.0                            LAT/LON1/LON2/DLON/H
  190  185  186  185  178  166  156  159  176  205  238  270  300  325  344  356
  365  375  395  422  452  474  485  487  496  525  582  660  748  827  886  926
  954  983 1017 1047 1060 1046 1009  959  909  863  820  781  751  731  718  708
  701  700  708  724  741  754  761  760  750  729  696  654  608  567  539  527
  522  509  474  415  346  282  234  205  190
    22.5-180.0 180.0   5.0 450.0                            LAT/LON1/LON2/DLON/H
  185  180  185  190  187  175  164  163  177  203  234  266  294  319  339  352
  364  380  404  437  468  488  494  494  504  542  611  705  803  887  946  980
 1001 1021 1046 1069 1076 1060 1025  983  942  903  863  825  795  776  764  754
  746  742  748  761  778  792  803  810  811  802  779  744  700  656  623  606
  598  581  540  471  387  308  246  206  185
    20.0-180.0 180.0   5.0 450.0                            LAT/LON1/LON2/DLON/H
  186  179  185  194  194  184  171  168  180  205  235  265  292  316  334  349
  364  385  415  451  483  502  505  506  522  569  649  749  847  924  973  996
 1007 1017 1033 1046 1048 1031 1001  970  942  915  883  848  819  800  785  769
  750  735  730  735  745  757  770  784  796  802  795  773  739  701  669  649
  638  619  575  503  414  329  260  213  186
    17.5-180.0 180.0   5.0 450.0                            LAT/LON1/LON2/DLON/H
  193  183  187  196  198  188  175  171  183  208  239  268  294  315  333  348
  366  392  426  464  495  513  517  523  548  605  691  788  874  934  966  975
  976  978  984  989  984  967  944  927  916  903  880  851  824  803  782  752
  714  678  655  647  647  653  665  684  707  727  738  736  719  693  666  647
  634  614  571  502  419  338  271  223  193
    15.0-180.0 180.0   5.0 450.0                            LAT/LON1/LON2/DLON/H
  203  188  188  195  195  186  174  171  185  211  243  273  299  319  335  351
  371  401  437  473  502  519  528  543  580  647  734  820  885  921  932  929
  923  919  918  915  905  887  872  868  873  874  862  839  815  791  759  710
  647  585  541  517  507  507  517  538  567  598  625  643  647  637  619  601
  587  567  529  470  399  332  276  233  203
    12.5-180.0 180.0   5.0 450.0                            LAT/LON1/LON2/DLON/H
  212  194  188  189  187  177  167  166  182  211  246  279  306  326  342  358
  381  412  447  480  505  522  537  564  615  689  772  841  882  894  888  877
  868  862  857  848  832  815  806  813  830  844  841  824  801  774  730  659
  569  481  417  380  363  359  367  386  416  452  490  523  546  552  544  529
  513  493  460  414  362  315  275  241  212
    10.0-180.0 180.0   5.0 450.0                            LAT/LON1/LON2/DLON/H
  221  198  185  180  173  163  154  156  175  207  246  283  314  336  353  371
  396  428  460  487  506  523  546  586  649  728  803  854  871  863  848  837
  833  830  822  808  788  770  765  778  803  823  826  814  794  762  707  616
  503  395  317  275  257  253  259  274  299  331  370  412  448  466  465  451
  432  411  383  350  317  291  270  247  221
     7.5-180.0 180.0   5.0 450.0                            LAT/LON1/LON2/DLON/H
  227  201  181  168  157  145  137  143  164  199  241  284  321  347  368  389
  416  448  476  496  510  527  558  609  681  760  825  858  858  840  826  825
  831  833  825  806  783  765  761  776  802  822  827  816  797  764  700  596
  468  351  272  234  223  223  227  236  249  270  301  341  380  404  406  389
  366  342  318  295  278  270  265  251  227
     5.0-180.0 180.0   5.0 450.0                            LAT/LON1/LON2/DLON/H
  233  202  176  156  140  127  121  128  151  187  233  282  325  358  383  409
  439  471  495  509  518  535  572  632  708  783  836  856  846  830  828  843
  862  871  862  841  817  799  794  806  826  841  842  831  813  779  712  605
  476  363  295  271  273  280  284  284  283  286  300  328  361  381  380  359
  330  303  279  261  255  259  263  255  233
     2.5-180.0 180.0   5.0 450.0                            LAT/LON1/LON2/DLON/H
  237  203  172  147  127  113  107  115  138  174  222  276  326  366  397  427
  462  495  517  526  532  551  592  655  729  795  836  845  835  830  847  882
  916  930  920  898  875  859  853  859  869  874  868  853  835  802  739  639
  523  428  381  379  397  413  416  406  389  372  364  373  390  400  389  362
  327  296  271  255  252  259  266  260  237
