workspace/datasets/gnss/BRUX_2024/COD0OPSFIN_20240900000_01D_01H_GIM.INX
     1.0            IONOSPHERE MAPS     GNSS                IONEX VERSION / TYPE
ADDNEQ2 V5.5        AIUB                03-APR-24 21:42     PGM / RUN BY / DATE 
CODE'S GLOBAL IONOSPHERE MAPS FOR DAY 090, 2024             COMMENT             
Global ionosphere maps (GIM) are generated on a daily basis DESCRIPTION         
at CODE using data from about 300 GNSS sites of the IGS and DESCRIPTION         
other institutions. The vertical total electron content     DESCRIPTION         
(VTEC) is modeled in a solar-geomagnetic reference frame    DESCRIPTION         
using a spherical harmonics expansion up to degree and      DESCRIPTION         
order 15. Piece-wise linear functions are used for          DESCRIPTION         
representation in the time domain. The time spacing of      DESCRIPTION         
their vertices is 1 hour, conforming with the epochs of the DESCRIPTION         
VTEC maps.                                                  DESCRIPTION         
To convert line-of-sight TEC into vertical TEC, a modified  DESCRIPTION         
single-layer model mapping function approximating the JPL   DESCRIPTION         
extended slab model mapping function is adopted. The        DESCRIPTION         
mapping function is evaluated at geodetic satellite         DESCRIPTION         
elevation angles. For the computation of the ionospheric    DESCRIPTION         
pierce points, a spherical layer with a radius of 6821 km   DESCRIPTION         
is assumed, implying geocentric, not geodetic IONEX         DESCRIPTION         
latitudes.                                                  DESCRIPTION         
Instrumental biases with respect to each involved GNSS code DESCRIPTION         
observable are estimated as constant values for each        DESCRIPTION         
day. They are modeled with one set of bias parameters for   DESCRIPTION         
each satellite and each station in case of GPS and for each DESCRIPTION         
satellite-station link in case of GLONASS. The code bias    DESCRIPTION         
datum is defined by zero-mean conditions imposed on the     DESCRIPTION         
satellite bias estimates. In this file, just GPS C1W-C2W    DESCRIPTION         
satellite and station bias values are included. The         DESCRIPTION         
complete set of GNSS code bias results is provided in an    DESCRIPTION         
additional Bias-SINEX file as pseudo-absolute values        DESCRIPTION         
specific to each observable.                                DESCRIPTION         
Note: These GIM results correspond to the results for the   DESCRIPTION         
middle day of a 3-day combination analysis solving for 73   DESCRIPTION         
times 256, or 18688 VTEC parameters and 3 daily sets of     DESCRIPTION         
GNSS code bias parameters.                                  DESCRIPTION         
Contact address: code(at)aiub.unibe.ch                      DESCRIPTION         
Data archive:    ftp.aiub.unibe.ch/CODE/                    DESCRIPTION         
                 www.aiub.unibe.ch/download/CODE/           DESCRIPTION         
  2024     3    30     0     0     0                        EPOCH OF FIRST MAP  
  2024     3    31     0     0     0                        EPOCH OF LAST MAP   
  3600                                                      INTERVAL            
[...]
azgb badg bake bako barh bjfs bndy boav bogo bogt bor1 braz COMMENT             
brft brst brux cags cas1 ccj2 cedu chpg chti chur ckis coco COMMENT             
cord cpvg cpxf cro1 daej darw dav1 dgar dhlg drao dubo ebre COMMENT             
faa1 fair flin flrs frdn func ganp glps glsv gol2 gold gope COMMENT             
gras graz guam guat guug harb hers hert hlfx hnpt hob2 hofn COMMENT             
holb hrao hyde iddr ieng iisc impz ineg invk iqal jog2 joz2 COMMENT             
joze karr kerg kir0 kiri kiru kit3 kokb kokv kouc koug kour COMMENT             
krgg lama laut lmmf lpgs m0se mac1 madr mal2 mana mas1 mat1 COMMENT             
mate maw1 mcm4 mdo1 mdvj medi mets mgue mizu mkea mnls mobs COMMENT             
monp morp mqzg mro1 mtka nano naur nico nist nium nklg nlib COMMENT             
nnor not1 nrc1 nrmd ntus nya1 nyal onsa opmt ous2 pado parc COMMENT             
park pdel penc pert pie1 pimo pohn pol2 polv pots pove ptag COMMENT             
ptbb ptvl qaq1 quin rabt ramo reun reyk rgdg rio2 roth salu COMMENT             
samo sant savo sch2 scor scrz sctb scub seyg sfer sofi spt0 COMMENT             
ssia sthl stjo stk2 str2 suth sutm sydn syog tabv tash thtg COMMENT             
thti thu2 tid1 tidb tlse tn22 tong tro1 tskb twtf txes uclu COMMENT             
ufpr ulab unb3 unbj unsa urum usn7 usud vald vill voim vtsp COMMENT             
wab1 wab2 wark wgtn whit will wind wsrt wtza wtzl wtzr wtzs COMMENT             
wtzz wuhn xmis yar2 yar3 yarr yell ykro zeck zim2 zim3 zimm COMMENT             
                                                            END OF HEADER       
[from data line 4719]
    12                                                      START OF TEC MAP    
  2024     3    30    11     0     0                        EPOCH OF CURRENT MAP
    87.5-180.0 180.0   5.0 450.0                            LAT/LON1/LON2/DLON/H
  219  219  220  221  222  224  227  229  232  236  239  243  247  251  255  259
  263  267  271  275  278  281  284  287  289  291  293  295  296  297  297  297
  297  297  296  295  294  293  291  289  287  285  283  280  278  275  272  270
  267  264  261  259  256  253  251  248  246  243  241  238  236  234  231  229
  227  225  224  222  221  220  219  219  219
    85.0-180.0 180.0   5.0 450.0                            LAT/LON1/LON2/DLON/H
  186  184  184  184  186  189  192  197  203  210  218  226  234  243  252  260
  269  277  285  292  298  304  309  314  318  321  324  326  327  328  329  329
  329  328  327  325  323  320  317  314  310  306  302  298  293  289  285  280
  276  273  269  266  262  259  256  254  251  248  245  241  238  234  229  225
  220  215  210  205  200  196  192  188  186
    82.5-180.0 180.0   5.0 450.0                            LAT/LON1/LON2/DLON/H
  166  160  155  153  153  155  159  166  174  184  195  208  221  234  247  260
  272  283  293  302  310  317  323  328  332  335  338  340  342  343  344  345
  345  344  344  343  341  338  335  332  327  323  318  313  307  302  297  293
  288  285  282  280  279  278  277  277  277  276  275  272  269  265  259  253
  244  235  225  215  204  193  183  174  166
    80.0-180.0 180.0   5.0 450.0                            LAT/LON1/LON2/DLON/H
  163  150  140  133  129  129  133  139  149  161  175  191  207  224  240  256
  270  283  294  304  311  317  322  326  328  331  333  334  336  338  340  342
  344  346  348  349  349  349  347  345  341  337  332  327  322  317  312  308
  305  303  303  304  306  309  313  317  322  326  328  329  328  325  319  310
  299  285  269  251  233  214  196  179  163
    77.5-180.0 180.0   5.0 450.0                            LAT/LON1/LON2/DLON/H
  176  156  139  126  118  115  116  121  131  144  160  177  196  214  232  249
  264  277  287  295  301  305  307  309  310  310  312  313  316  319  323  328
  333  338  343  348  351  354  355  355  354  352  348  344  339  335  331  328
  327  327  329  334  340  348  358  368  378  387  395  400  402  401  395  385
  370  352  330  306  279  252  226  200  176
    75.0-180.0 180.0   5.0 450.0                            LAT/LON1/LON2/DLON/H
  199  172  150  132  120  112  111  114  122  134  150  167  186  204  222  239
  253  264  273  279  282  283  283  283  282  282  283  286  290  295  302  310
  319  328  337  345  352  358  363  366  367  367  365  362  359  356  353  352
  352  355  360  367  377  389  403  418  433  447  459  468  472  472  466  455
  438  416  389  360  328  294  261  229  199
    72.5-180.0 180.0   5.0 450.0                            LAT/LON1/LON2/DLON/H
  221  192  166  145  130  120  115  115  121  131  144  160  177  194  210  225
  237  247  253  257  258  258  256  255  254  255  257  261  268  276  286  298
  310  322  334  345  355  364  371  377  380  382  382  382  380  379  378  378
  380  384  390  399  410  424  439  456  473  489  503  513  518  518  511  499
  480  456  427  395  360  324  288  254  221
    70.0-180.0 180.0   5.0 450.0                            LAT/LON1/LON2/DLON/H
  233  205  180  159  142  130  123  121  124  130  140  153  167  181  195  208
  218  226  231  233  233  232  231  230  231  233  238  246  256  267  281  295
  310  325  338  351  363  373  381  388  393  397  399  400  400  401  401  403
  406  410  416  424  434  446  460  475  490  504  515  523  527  524  516  501
  481  457  428  397  364  330  297  264  233
    67.5-180.0 180.0   5.0 450.0                            LAT/LON1/LON2/DLON/H
  229  206  185  166  151  139  131  126  126  129  135  144  154  166  177  187
  195  201  205  208  209  209  210  212  215  221  230  241  255  271  287  304
  321  336  350  363  374  383  392  399  405  409  413  415  417  419  421  424
  427  431  435  440  446  454  462  471  480  488  494  497  495  488  476  459
  438  414  388  362  334  307  280  254  229
    65.0-180.0 180.0   5.0 450.0                            LAT/LON1/LON2/DLON/H
  209  192  177  163  150  140  132  126  124  124  127  132  139  146  155  162
  169  174  179  182  185  188  192  198  206  217  230  245  263  283  302  322
  339  355  368  378  388  396  403  409  415  420  424  427  431  434  437  440
  443  445  447  447  447  447  448  449  450  450  448  443  433  420  402  382
  361  338  317  297  278  259  242  225  209
    62.5-180.0 180.0   5.0 450.0                            LAT/LON1/LON2/DLON/H
  177  168  159  149  140  132  125  119  116  114  115  117  120  125  130  136
  141  147  151  156  162  169  177  188  201  216  233  253  275  297  320  342
  361  376  388  396  403  409  414  420  425  429  434  438  441  445  449  452
  454  454  451  447  440  432  424  417  409  401  391  378  361  340  317  293
  270  250  233  220  209  201  193  185  177
    60.0-180.0 180.0   5.0 450.0                            LAT/LON1/LON2/DLON/H
  145  141  136  130  123  117  111  107  103  101  100  100  101  103  106  110
  114  119  125  132  140  151  164  179  196  215  236  259  284  310  336  361
  381  397  407  414  419  422  426  431  436  440  445  448  452  455  458  460
  460  458  452  442  430  416  401  387  373  358  342  322  299  272  244  216
  192  173  160  153  149  148  148  147  145
    57.5-180.0 180.0   5.0 450.0                            LAT/LON1/LON2/DLON/H
  122  120  116  112  107  101   97   93   90   88   87   85   84   84   85   87
   90   95  102  110  122  136  153  172  192  214  237  262  289  318  347  375
  398  414  425  431  434  437  440  445  450  454  458  462  464  466  468  468
  466  460  451  438  422  403  385  367  351  334  315  292  265  234  202  172
  147  129  118  114  114  117  121  122  122
    55.0-180.0 180.0   5.0 450.0                            LAT/LON1/LON2/DLON/H
  117  113  108  103   97   92   88   84   82   80   78   76   73   70   69   70
   72   77   84   94  108  125  145  167  190  212  236  261  289  320  352  383
  409  428  440  446  449  452  456  461  467  472  476  479  480  480  479  477
  472  463  452  437  419  399  381  364  348  333  315  293  265  233  200  168
  142  124  114  111  113  116  118  119  117
    52.5-180.0 180.0   5.0 450.0                            LAT/LON1/LON2/DLON/H
  130  122  114  107  100   94   89   85   82   80   78   74   70   65   62   61
   62   67   75   86  101  121  143  166  190  213  236  261  288  320  354  387
  416  438  452  460  464  469  474  481  488  494  498  500  499  497  493  487
  479  468  455  440  422  404  388  374  362  351  338  319  294  263  231  200
  174  155  145  141  140  141  140  136  130
    50.0-180.0 180.0   5.0 450.0                            LAT/LON1/LON2/DLON/H
  155  144  133  124  116  108  102   96   93   90   87   82   75   68   63   60
   61   66   74   87  103  124  148  172  196  218  239  262  288  319  353  388
  420  445  462  472  479  486  494  504  513  519  523  523  521  516  509  499
  488  475  461  446  431  415  402  391  384  378  370  356  335  308  278  249
  224  206  194  188  184  181  175  166  155
    47.5-180.0 180.0   5.0 450.0                            LAT/LON1/LON2/DLON/H
  184  171  160  150  141  133  125  118  112  108  103   97   88   79   72   68
   69   74   83   96  114  135  159  183  206  227  247  267  291  319  352  387
  420  447  467  481  493  504  516  529  539  546  549  547  543  536  525  512
  498  483  469  456  443  429  417  409  404  401  396  387  371  348  322  295
  272  254  241  232  226  220  210  198  184
    45.0-180.0 180.0   5.0 450.0                            LAT/LON1/LON2/DLON/H
  206  194  184  177  170  162  153  143  136  130  124  116  107   96   88   83
   84   89   99  112  130  152  175  198  219  239  257  275  296  320  350  383
  416  445  469  489  506  523  540  556  568  575  576  572  566  556  543  528
  511  495  481  469  457  444  432  421  415  411  407  400  386  367  345  322
  301  283  269  259  251  243  233  220  206
    42.5-180.0 180.0   5.0 450.0                            LAT/LON1/LON2/DLON/H
  214  205  199  197  194  188  179  168  159  152  145  138  127  116  107  103
  103  109  118  132  150  170  191  212  231  250  267  284  301  321  346  376
  408  439  468  494  519  544  568  589  602  608  606  600  591  580  565  548
  530  513  500  489  477  462  446  430  417  408  401  392  380  363  345  325
  306  287  272  260  251  244  235  225  214
    40.0-180.0 180.0   5.0 450.0                            LAT/LON1/LON2/DLON/H
  207  203  202  205  207  204  196  186  176  168  163  157  148  137  129  124
  125  129  138  151  167  185  204  221  238  256  273  289  304  320  340  366
  397  430  465  499  534  569  602  627  643  647  643  633  622  609  595  578
  559  543  530  519  507  489  465  441  419  402  388  375  361  346  329  312
  293  273  255  241  232  226  221  214  207
    37.5-180.0 180.0   5.0 450.0                            LAT/LON1/LON2/DLON/H
  193  192  194  201  208  209  203  193  184  178  175  171  165  157  150  146
  146  148  155  165  179  195  210  224  238  255  272  289  304  317  333  356
  386  423  464  508  555  601  642  674  692  696  689  676  663  650  637  621
  604  588  576  566  552  530  500  467  435  408  386  367  350  334  319  302
  282  260  237  220  209  204  201  198  193
    35.0-180.0 180.0   5.0 450.0                            LAT/LON1/LON2/DLON/H
  184  181  183  191  199  203  200  192  184  180  180  181  179  175  170  166
  164  164  167  174  185  197  209  219  231  246  266  285  300  313  328  350
  381  421  470  524  582  639  690  728  750  754  745  731  717  705  693  681
  666  652  641  631  617  593  558  517  477  443  413  389  367  350  334  317
  294  267  239  216  202  196  193  189  184
    32.5-180.0 180.0   5.0 450.0                            LAT/LON1/LON2/DLON/H
  190  182  178  182  188  193  192  186  179  177  180  186  189  189  187  184
  180  176  173  176  183  193  202  209  218  234  255  278  297  312  329  352
  385  430  486  549  616  682  741  786  812  819  811  796  782  772  765  756
  745  733  724  715  702  679  643  599  555  516  482  453  428  407  389  370
  344  310  275  245  226  215  208  200  190
    30.0-180.0 180.0   5.0 450.0                            LAT/LON1/LON2/DLON/H
  221  202  188  182  183  186  185  179  173  172  178  187  195  199  200  198
  192  184  176  172  176  184  191  197  205  221  245  272  297  318  339  367
  405  454  514  583  656  727  791  840  871  882  878  866  854  848  845  841
  833  824  817  811  801  781  748  708  666  627  591  558  529  505  484  461
  431  392  350  313  286  269  255  239  221
    27.5-180.0 180.0   5.0 450.0                            LAT/LON1/LON2/DLON/H
  274  243  216  198  190  188  185  179  172  170  176  187  198  205  208  207
  200  188  175  166  167  174  181  187  195  212  239  271  303  332  362  397
  439  491  553  623  696  768  831  882  918  935  937  930  923  921  923  924
  920  913  908  905  899  886  861  828  793  758  724  689  656  627  601  574
  540  498  452  410  377  351  328  303  274
    25.0-180.0 180.0   5.0 450.0                            LAT/LON1/LON2/DLON/H
  343  301  262  231  212  203  197  188  178  172  176  186  198  206  211  211
  205  190  173  160  158  165  174  182  192  211  241  278  317  356  396  439
  486  539  598  664  732  797  855  904  942  967  978  978  977  979  986  991
  991  986  982  982  982  977  962  940  914  885  853  817  779  743  712  681
  646  603  557  514  477  445  414  381  343
    22.5-180.0 180.0   5.0 450.0                            LAT/LON1/LON2/DLON/H
  412  365  317  275  246  229  219  207  192  181  179  187  196  204  209  211
  205  191  171  155  151  158  171  183  196  218  250  291  337  385  436  487
  537  589  642  699  757  810  858  901  939  970  990 1000 1005 1012 1022 1030
 1031 1028 1025 1028 1033 1036 1031 1019 1002  980  950  911  866  823  786  752
  718  679  638  599  563  528  492  454  412
    20.0-180.0 180.0   5.0 450.0                            LAT/LON1/LON2/DLON/H
  466  421  371  323  286  264  249  232  212  195  187  189  195  200  204  206
  203  190  170  152  146  155  171  188  206  231  266  310  361  416  475  533
  585  632  678  724  768  806  839  872  909  945  974  992 1003 1013 1024 1033
 1035 1031 1029 1033 1043 1051 1053 1049 1038 1020  990  946  895  844  800  765
  734  703  673  643  613  580  544  507  466
    17.5-180.0 180.0   5.0 450.0                            LAT/LON1/LON2/DLON/H
  496  460  415  367  327  299  281  260  235  211  198  195  195  196  196  198
  198  189  170  151  144  153  172  195  219  248  284  329  383  443  507  568
  620  663  700  734  764  787  805  827  858  896  932  957  972  984  994 1001
 1001  996  994  999 1010 1021 1026 1024 1016  998  965  917  857  799  751  716
  690  670  654  637  617  590  559  527  496
    15.0-180.0 180.0   5.0 450.0                            LAT/LON1/LON2/DLON/H
  498  476  443  401  360  331  309  286  256  228  210  203  199  193  189  190
  193  188  171  152  143  152  174  203  232  265  303  348  400  461  526  588
  638  676  706  731  750  759  764  775  800  838  876  905  923  933  940  943
  940  934  931  935  945  954  958  955  944  924  888  833  767  703  653  620
  602  593  590  588  579  561  537  516  498
    12.5-180.0 180.0   5.0 450.0                            LAT/LON1/LON2/DLON/H
  477  473  455  422  384  353  330  304  273  242  222  213  205  194  184  183
  187  186  172  153  142  151  176  209  244  280  319  363  412  470  532  590
  637  672  698  718  731  733  729  731  751  785  823  853  870  877  879  876
  869  861  857  860  867  873  871  863  848  824  783  724  655  589  540  511
  499  499  507  516  518  508  493  481  477
    10.0-180.0 180.0   5.0 450.0                            LAT/LON1/LON2/DLON/H
  448  459  455  432  398  367  342  315  282  252  233  224  214  198  183  178
  182  184  172  153  142  150  177  213  253  293  333  374  418  469  525  578
  623  656  682  703  715  716  709  708  722  753  788  815  828  831  828  820
  809  799  794  795  799  800  792  778  758  730  687  627  557  493  448  425
  419  424  437  452  459  455  444  440  448
     7.5-180.0 180.0   5.0 450.0                            LAT/LON1/LON2/DLON/H
  425  445  452  436  405  374  346  317  285  256  239  233  223  205  185  175
  178  180  170  152  141  150  178  218  261  304  345  383  421  463  510  558
  601  635  664  689  706  712  709  709  722  749  779  801  811  810  803  790
  776  765  760  760  762  758  745  727  704  674  631  572  506  449  411  395
  392  396  407  420  427  423  413  411  425
     5.0-180.0 180.0   5.0 450.0                            LAT/LON1/LON2/DLON/H
  419  442  453  441  410  376  345  314  281  254  241  237  230  210  187  174
  173  175  166  150  140  151  181  223  269  314  355  390  421  454  493  536
  579  616  651  681  706  721  728  735  750  773  798  815  822  819  809  795
  781  770  766  766  766  760  745  726  703  675  634  579  519  470  443  433
  431  430  431  434  435  426  412  407  419
     2.5-180.0 180.0   5.0 450.0                            LAT/LON1/LON2/DLON/H
  435  452  461  448  416  377  341  307  273  247  236  235  230  212  188  171
  168  167  159  145  139  153  186  229  276  322  363  395  421  446  477  518
  562  604  644  680  711  737  756  774  795  817  838  851  857  854  846  833
  820  812  809  811  812  806  793  776  757  732  694  644  591  552  534  531
  528  518  505  493  482  465  443  430  435
