workspace/datasets/gnss/BRUX_2024/COD0OPSFIN_20240900000_01D_01H_GIM.INX
     1.0            IONOSPHERE MAPS     GNSS                IONEX VERSION / TYPE
ADDNEQ2 V5.5        AIUB                03-APR-24 21:42     PGM / RUN BY / DATE 
CODE'S GLOBAL IONOSPHERE MAPS FOR DAY 090, 2024             COMMENT             
Global ionosphere maps (GIM) are generated on a daily basis DESCRIPTION         
at CODE using data from about 300 GNSS sites of the IGS and DESCRIPTION         
other institutions. The vertical total electron content     DESCRIPTION         
(VTEC) is modeled in a solar-geomagnetic reference frame    DESCRIPTION         
using a spherical harmonics expansion up to degree and      DESCRIPTION         
order 15. Piece-wise linear functions are used for          DESCRIPTION         
representation in the time domain. The time spacing of      DESCRIPTION         
their vertices is 1 hour, conforming with the epochs of the DESCRIPTION         
VTEC maps.                                                  DESCRIPTION         
To convert line-of-sight TEC into vertical TEC, a modified  DESCRIPTION         
single-layer model mapping function approximating the JPL   DESCRIPTION         
extended slab model mapping function is adopted. The        DESCRIPTION         
mapping function is evaluated at geodetic satellite         DESCRIPTION         
elevation angles. For the computation of the ionospheric    DESCRIPTION         
pierce points, a spherical layer with a radius of 6821 km   DESCRIPTION         
is assumed, implying geocentric, not geodetic IONEX         DESCRIPTION         
latitudes.                                                  DESCRIPTION         
Instrumental biases with respect to each involved GNSS code DESCRIPTION         
observable are estimated as constant values for each        DESCRIPTION         
day. They are modeled with one set of bias parameters for   DESCRIPTION         
each satellite and each station in case of GPS and for each DESCRIPTION         
satellite-station link in case of GLONASS. The code bias    DESCRIPTION         
datum is defined by zero-mean conditions imposed on the     DESCRIPTION         
satellite bias estimates. In this file, just GPS C1W-C2W    DESCRIPTION         
satellite and station bias values are included. The         DESCRIPTION         
complete set of GNSS code bias results is provided in an    DESCRIPTION         
additional Bias-SINEX file as pseudo-absolute values        DESCRIPTION         
specific to each observable.                                DESCRIPTION         
Note: These GIM results correspond to the results for the   DESCRIPTION         
middle day of a 3-day combination analysis solving for 73   DESCRIPTION         
times 256, or 18688 VTEC parameters and 3 daily sets of     DESCRIPTION         
GNSS code bias parameters.                                  DESCRIPTION         
Contact address: code(at)aiub.unibe.ch                      DESCRIPTION         
Data archive:    ftp.aiub.unibe.ch/CODE/                    DESCRIPTION         
                 www.aiub.unibe.ch/download/CODE/           DESCRIPTION         
  2024     3    30     0     0     0                        EPOCH OF FIRST MAP  
  2024     3    31     0     0     0                        EPOCH OF LAST MAP   
  3600                                                      INTERVAL            
[...]
azgb badg bake bako barh bjfs bndy boav bogo bogt bor1 braz COMMENT             
brft brst brux cags cas1 ccj2 cedu chpg chti chur ckis coco COMMENT             
cord cpvg cpxf cro1 daej darw dav1 dgar dhlg drao dubo ebre COMMENT             
faa1 fair flin flrs frdn func ganp glps glsv gol2 gold gope COMMENT             
gras graz guam guat guug harb hers hert hlfx hnpt hob2 hofn COMMENT             
holb hrao hyde iddr ieng iisc impz ineg invk iqal jog2 joz2 COMMENT             
joze karr kerg kir0 kiri kiru kit3 kokb kokv kouc koug kour COMMENT             
krgg lama laut lmmf lpgs m0se mac1 madr mal2 mana mas1 mat1 COMMENT             
mate maw1 mcm4 mdo1 mdvj medi mets mgue mizu mkea mnls mobs COMMENT             
monp morp mqzg mro1 mtka nano naur nico nist nium nklg nlib COMMENT             
nnor not1 nrc1 nrmd ntus nya1 nyal onsa opmt ous2 pado parc COMMENT             
park pdel penc pert pie1 pimo pohn pol2 polv pots pove ptag COMMENT             
ptbb ptvl qaq1 quin rabt ramo reun reyk rgdg rio2 roth salu COMMENT             
samo sant savo sch2 scor scrz sctb scub seyg sfer sofi spt0 COMMENT             
ssia sthl stjo stk2 str2 suth sutm sydn syog tabv tash thtg COMMENT             
thti thu2 tid1 tidb tlse tn22 tong tro1 tskb twtf txes uclu COMMENT             
ufpr ulab unb3 unbj unsa urum usn7 usud vald vill voim vtsp COMMENT             
wab1 wab2 wark wgtn whit will wind wsrt wtza wtzl wtzr wtzs COMMENT             
wtzz wuhn xmis yar2 yar3 yarr yell ykro zeck zim2 zim3 zimm COMMENT             
                                                            END OF HEADER       
[from data line 10296]
    25                                                      START OF TEC MAP    
  2024     3    31     0     0     0                        EPOCH OF CURRENT MAP
    87.5-180.0 180.0   5.0 450.0                            LAT/LON1/LON2/DLON/H
  241  244  247  251  254  256  259  261  263  265  267  268  269  270  270  270
  269  268  267  265  263  260  258  255  251  248  244  240  236  232  228  224
  220  216  212  208  204  201  197  194  192  189  187  185  183  182  181  180
  180  180  180  181  182  183  184  186  188  190  193  196  199  202  205  208
  212  216  219  223  227  230  234  237  241
    85.0-180.0 180.0   5.0 450.0                            LAT/LON1/LON2/DLON/H
  251  256  261  266  271  276  281  285  289  293  297  300  302  304  305  305
  304  302  300  296  292  287  281  274  267  260  252  244  236  228  220  212
  205  197  190  184  177  172  166  161  157  153  149  146  144  142  140  139
  139  139  140  141  143  145  148  151  155  160  165  170  176  182  188  195
  202  208  215  221  227  233  239  245  251
    82.5-180.0 180.0   5.0 450.0                            LAT/LON1/LON2/DLON/H
  261  266  271  275  280  286  291  296  302  307  313  317  321  324  326  326
  325  322  318  313  306  299  290  280  269  259  247  236  225  213  203  192
  183  174  165  157  150  144  138  133  128  124  120  117  115  113  111  110
  110  110  111  112  115  118  122  127  132  139  146  154  163  172  182  191
  201  210  220  228  236  243  250  255  261
    80.0-180.0 180.0   5.0 450.0                            LAT/LON1/LON2/DLON/H
  278  280  282  284  286  289  293  298  304  310  316  322  327  330  332  332
  330  326  320  313  304  293  282  270  257  243  230  216  203  191  179  169
  159  150  142  135  129  124  119  115  111  108  105  102  100   98   96   95
   95   95   96   98  100  104  108  114  121  129  138  149  160  173  186  200
  214  226  238  249  258  266  271  275  278
    77.5-180.0 180.0   5.0 450.0                            LAT/LON1/LON2/DLON/H
  308  305  301  297  294  293  294  297  302  308  314  320  324  326  327  325
  320  314  306  296  285  273  260  247  233  219  205  191  178  167  156  146
  138  131  126  121  117  114  111  108  106  104  102  100   98   97   95   95
   94   94   95   97  100  103  107  113  120  129  140  153  167  183  201  219
  237  255  271  285  296  303  308  309  308
    75.0-180.0 180.0   5.0 450.0                            LAT/LON1/LON2/DLON/H
  351  342  331  320  311  304  300  300  303  308  313  317  320  319  315  309
  301  290  279  267  255  243  230  218  205  192  180  168  157  147  138  131
  126  121  118  116  115  114  113  112  111  109  108  107  105  104  103  103
  103  103  105  107  109  112  117  122  129  137  149  163  179  199  220  244
  267  290  312  330  344  353  357  356  351
    72.5-180.0 180.0   5.0 450.0                            LAT/LON1/LON2/DLON/H
  402  388  371  354  337  324  316  313  314  317  320  322  320  315  305  293
  278  263  249  235  223  212  202  192  182  172  162  152  143  136  130  125
  122  120  119  119  119  120  120  119  119  118  117  116  115  114  113  113
  114  115  118  121  124  128  132  137  143  151  161  175  193  215  240  267
  296  324  351  375  393  406  412  410  402
    70.0-180.0 180.0   5.0 450.0                            LAT/LON1/LON2/DLON/H
  453  437  416  393  371  353  341  335  335  337  339  337  331  319  302  282
  261  241  224  210  200  191  184  178  171  163  156  148  141  135  131  128
  126  126  126  126  126  127  126  126  126  125  124  122  121  120  119  120
  121  125  129  134  139  144  149  154  159  166  176  189  207  229  255  285
  317  350  381  409  433  450  460  460  453
    67.5-180.0 180.0   5.0 450.0                            LAT/LON1/LON2/DLON/H
  493  479  458  432  407  385  371  364  363  365  366  362  351  333  309  282
  256  233  214  201  193  188  184  180  175  169  162  155  149  143  139  137
  135  134  134  133  132  130  129  128  127  125  124  122  121  119  118  119
  122  127  133  141  149  157  164  170  175  181  190  202  219  241  267  296
  328  362  394  425  453  476  491  497  493
    65.0-180.0 180.0   5.0 450.0                            LAT/LON1/LON2/DLON/H
  515  507  489  465  439  416  400  393  393  395  396  391  377  354  326  295
  266  242  225  214  208  204  202  199  194  187  179  171  164  157  152  148
  145  143  140  137  133  130  126  124  122  120  119  117  114  112  111  111
  114  120  129  140  152  163  173  181  188  195  204  215  231  252  276  303
  332  361  391  421  450  476  498  511  515
    62.5-180.0 180.0   5.0 450.0                            LAT/LON1/LON2/DLON/H
  516  518  507  487  463  441  425  418  418  422  423  417  402  378  349  318
  291  270  255  246  241  238  235  229  222  212  202  191  182  173  166  160
  155  149  144  138  131  126  121  117  115  113  111  109  106  103  100   99
  101  107  118  131  147  162  176  188  198  207  217  230  246  266  287  310
  332  354  376  400  426  454  481  503  516
    60.0-180.0 180.0   5.0 450.0                            LAT/LON1/LON2/DLON/H
  501  513  512  499  479  459  443  436  436  439  440  434  420  398  373  347
  326  310  299  293  287  281  274  264  252  238  225  212  200  190  180  171
  163  154  146  138  130  122  116  112  110  109  107  104  100   95   90   87
   87   93  103  118  136  156  174  191  205  217  231  246  264  284  304  322
  336  348  359  374  393  418  448  478  501
    57.5-180.0 180.0   5.0 450.0                            LAT/LON1/LON2/DLON/H
  479  502  511  506  492  474  459  450  447  448  446  440  427  410  392  376
  364  355  349  343  334  323  310  294  278  261  246  232  218  206  194  182
  171  160  150  140  131  124  118  114  112  111  109  106  100   93   86   80
   78   82   91  106  125  147  170  191  210  228  245  264  285  306  326  340
  348  350  350  353  363  383  413  447  479
    55.0-180.0 180.0   5.0 450.0                            LAT/LON1/LON2/DLON/H
  461  491  510  514  506  492  478  466  458  453  446  436  425  413  404  398
  397  396  393  385  372  355  336  316  296  279  264  249  236  222  208  194
  180  167  157  147  139  132  127  124  122  122  120  115  108   99   89   82
   77   78   85   98  117  141  167  193  217  239  260  282  306  331  351  365
  369  365  356  348  349  362  388  423  461
    52.5-180.0 180.0   5.0 450.0                            LAT/LON1/LON2/DLON/H
  455  490  516  529  529  520  506  491  476  461  446  430  417  410  408  413
  420  424  422  412  394  372  349  327  308  293  279  266  252  238  222  206
  190  177  167  159  153  148  143  141  139  138  136  131  122  111  101   92
   87   85   89   99  116  140  169  198  226  251  275  300  326  353  376  391
  396  390  378  364  358  364  384  417  455
    50.0-180.0 180.0   5.0 450.0                            LAT/LON1/LON2/DLON/H
  466  501  532  553  561  559  548  530  508  481  454  430  413  406  410  421
  432  438  434  420  398  374  352  332  317  304  292  281  268  252  235  217
  201  188  179  174  170  167  163  160  159  157  154  148  139  128  118  110
  104  101  102  108  123  146  176  207  237  264  289  314  341  369  395  414
  423  421  412  399  390  391  405  431  466
    47.5-180.0 180.0   5.0 450.0                            LAT/LON1/LON2/DLON/H
  490  523  555  583  601  607  601  583  553  515  476  442  419  410  414  425
  435  438  430  413  391  369  351  337  326  316  305  293  279  263  245  226
  210  198  191  188  187  185  181  178  176  174  171  164  155  145  137  131
  127  124  122  124  135  157  187  220  251  277  301  324  349  376  404  427
  443  450  449  443  437  436  444  462  490
    45.0-180.0 180.0   5.0 450.0                            LAT/LON1/LON2/DLON/H
  522  549  581  613  641  657  658  641  607  561  512  469  439  425  425  431
  435  431  419  400  381  365  355  347  339  328  315  299  283  267  249  231
  216  205  200  200  200  198  194  190  187  185  183  177  169  161  155  153
  151  148  143  142  149  169  199  233  264  289  310  329  351  376  403  429
  452  470  481  486  487  487  492  503  522
    42.5-180.0 180.0   5.0 450.0                            LAT/LON1/LON2/DLON/H
  553  574  603  638  673  699  708  696  661  611  557  508  473  454  447  444
  438  427  410  392  379  372  369  365  356  340  319  298  280  263  248  233
  220  211  208  208  209  206  201  195  192  192  191  187  181  174  171  171
  171  168  162  157  162  180  210  244  274  298  315  331  349  371  395  422
  450  477  500  517  528  533  536  542  553
    40.0-180.0 180.0   5.0 450.0                            LAT/LON1/LON2/DLON/H
  578  592  618  653  692  725  742  735  704  656  601  552  516  494  479  466
  450  431  412  398  392  393  394  389  374  348  317  290  270  256  245  235
  224  217  215  216  216  212  204  198  196  197  199  198  192  186  184  185
  186  182  173  166  169  186  216  250  280  302  318  332  347  366  388  413
  442  474  505  532  552  563  569  572  578
    37.5-180.0 180.0   5.0 450.0                            LAT/LON1/LON2/DLON/H
  596  606  627  659  697  733  755  754  728  686  638  595  562  538  518  496
  471  447  429  420  421  425  425  414  387  350  310  278  259  251  248  243
  235  229  226  226  224  219  210  204  202  207  211  211  206  199  195  194
  193  187  176  167  169  186  215  249  279  302  318  333  349  367  386  408
  434  466  501  532  558  576  586  592  596
    35.0-180.0 180.0   5.0 450.0                            LAT/LON1/LON2/DLON/H
  613  622  637  662  695  728  749  752  733  700  662  629  603  581  558  530
  501  476  460  455  458  461  454  431  393  346  301  271  258  258  262  263
  257  250  245  242  240  234  225  218  218  224  230  231  224  214  205  199
  194  185  173  163  164  181  210  244  274  298  319  338  358  377  394  412
  434  462  493  524  553  577  594  606  613
    32.5-180.0 180.0   5.0 450.0                            LAT/LON1/LON2/DLON/H
  637  647  657  673  696  720  736  739  727  704  677  655  636  617  593  564
  533  509  497  494  495  490  471  437  390  341  300  278  275  285  296  299
  292  282  273  269  265  259  251  244  244  250  256  256  246  231  216  203
  192  179  165  156  157  174  204  237  268  295  320  347  373  396  413  429
  445  466  491  518  547  575  601  623  637
    30.0-180.0 180.0   5.0 450.0                            LAT/LON1/LON2/DLON/H
  674  687  694  700  710  721  730  731  723  708  692  677  663  646  622  592
  563  541  531  526  519  501  471  429  383  342  315  307  317  335  348  350
  339  323  310  303  300  294  287  281  279  283  286  283  269  249  226  207
  190  174  159  150  153  170  199  231  263  293  325  360  394  421  441  455
  468  483  501  523  549  582  618  651  674
    27.5-180.0 180.0   5.0 450.0                            LAT/LON1/LON2/DLON/H
  727  744  749  747  745  743  743  741  737  729  719  707  692  671  644  613
  585  565  552  541  523  493  454  413  379  357  352  362  382  403  413  408
  390  368  351  342  338  334  328  321  317  316  314  306  288  263  235  210
  189  171  157  150  155  172  198  230  262  297  335  377  417  449  471  486
  498  511  525  543  568  605  650  694  727
    25.0-180.0 180.0   5.0 450.0                            LAT/LON1/LON2/DLON/H
  789  812  817  811  800  789  782  780  780  778  770  754  731  701  666  630
  600  577  559  537  506  468  429  400  387  392  410  436  460  476  477  462
  436  408  387  377  374  371  365  357  348  340  332  319  298  271  241  213
  190  173  161  157  163  179  204  234  268  306  349  395  438  472  496  514
  529  545  559  577  604  645  697  749  789
    22.5-180.0 180.0   5.0 450.0                            LAT/LON1/LON2/DLON/H
  851  877  885  879  866  853  846  848  855  858  850  826  788  743  694  649
  612  581  552  518  478  438  409  401  416  446  482  513  532  535  523  497
  465  434  412  402  400  398  391  379  365  350  335  318  296  270  242  215
  194  179  171  170  176  190  213  244  279  320  366  413  456  489  513  534
  555  577  597  620  650  695  750  807  851
    20.0-180.0 180.0   5.0 450.0                            LAT/LON1/LON2/DLON/H
  897  925  938  939  931  922  921  932  949  961  953  920  866  801  736  677
  627  583  540  495  451  419  408  425  464  512  552  575  577  563  536  504
  470  442  423  414  411  408  399  384  363  342  321  302  282  260  237  215
  197  187  182  183  189  202  224  255  293  336  383  428  467  497  520  544
  572  602  632  662  697  744  800  854  897
    17.5-180.0 180.0   5.0 450.0                            LAT/LON1/LON2/DLON/H
  918  945  965  976  979  980  990 1013 1045 1068 1064 1025  957  875  792  717
  652  592  535  481  440  422  433  472  525  573  600  600  578  545  510  479
  453  433  420  413  409  403  390  370  344  318  294  274  258  243  227  211
  199  193  192  194  198  209  230  264  305  352  398  440  474  499  521  547
  581  619  658  695  736  782  833  880  918
    15.0-180.0 180.0   5.0 450.0                            LAT/LON1/LON2/DLON/H
  908  934  960  983 1000 1014 1035 1072 1120 1157 1161 1123 1049  956  860  772
  691  615  545  488  453  452  484  535  585  612  608  576  529  484  450  430
  419  413  409  404  398  387  368  343  314  284  259  241  230  221  213  204
  198  196  196  198  200  209  231  267  313  362  408  446  476  498  520  547
  585  629  673  716  758  802  844  880  908
    12.5-180.0 180.0   5.0 450.0                            LAT/LON1/LON2/DLON/H
  876  899  931  965  994 1017 1047 1094 1154 1205 1224 1195 1125 1032  932  835
  743  655  576  518  493  507  550  598  625  616  570  504  438  391  371  372
  384  395  399  395  385  367  342  312  280  250  225  209  202  199  197  194
  192  192  193  193  193  201  224  265  315  366  410  447  475  499  522  552
  591  636  681  724  765  804  835  858  876
    10.0-180.0 180.0   5.0 450.0                            LAT/LON1/LON2/DLON/H
  837  858  894  935  970  996 1027 1075 1140 1203 1236 1224 1169 1087  994  898
  803  708  625  568  550  571  612  641  632  577  490  398  327  294  298  327
  361  387  397  392  376  351  320  286  252  222  198  184  179  179  181  182
  182  182  182  180  178  186  212  256  309  362  407  443  474  502  530  563
  602  644  685  725  761  793  815  827  837
     7.5-180.0 180.0   5.0 450.0                            LAT/LON1/LON2/DLON/H
  811  831  868  911  945  966  988 1026 1086 1151 1196 1204 1172 1112 1035  950
  859  766  682  626  610  627  652  651  599  502  386  285  227  221  256  311
  363  395  406  398  376  345  309  271  235  205  182  168  163  164  167  168
  169  168  166  163  160  169  197  244  299  352  397  436  472  508  545  582
  619  655  690  723  754  781  798  804  811
     5.0-180.0 180.0   5.0 450.0                            LAT/LON1/LON2/DLON/H
  813  835  871  911  938  946  950  970 1013 1070 1118 1141 1134 1100 1048  982
  903  817  736  678  655  657  656  619  531  408  285  199  171  199  263  334
  391  420  424  410  384  349  309  268  231  200  177  161  154  153  154  155
  154  152  149  144  143  153  183  231  287  339  384  426  469  515  561  603
  639  670  698  724  752  778  796  804  813
     2.5-180.0 180.0   5.0 450.0                            LAT/LON1/LON2/DLON/H
  852  877  911  944  959  953  937  932  949  985 1026 1056 1067 1059 1033  989
  928  852  775  713  675  652  620  553  445  320  217  167  180  240  321  393
  438  452  444  422  393  358  317  275  236  203  178  160  149  145  144  143
  140  137  133  129  128  140  171  219  273  324  369  414  464  519  573  619
  656  684  707  731  759  789  815  834  852
