workspace/datasets/gnss/BRUX/codg0140.19i
     1.0            IONOSPHERE MAPS     GNSS                IONEX VERSION / TYPE
ADDNEQ2 V5.3        AIUB                18-JAN-19 20:17     PGM / RUN BY / DATE 
CODE'S GLOBAL IONOSPHERE MAPS FOR DAY 014, 2019             COMMENT             
Global ionosphere maps (GIM) are generated on a daily basis DESCRIPTION         
at CODE using data from about 300 GNSS sites of the IGS and DESCRIPTION         
other institutions. The vertical total electron content     DESCRIPTION         
(VTEC) is modeled in a solar-geomagnetic reference frame    DESCRIPTION         
using a spherical harmonics expansion up to degree and      DESCRIPTION         
order 15. Piece-wise linear functions are used for          DESCRIPTION         
representation in the time domain. The time spacing of      DESCRIPTION         
their vertices is 1 hour, conforming with the epochs of the DESCRIPTION         
VTEC maps.                                                  DESCRIPTION         
To convert line-of-sight TEC into vertical TEC, a modified  DESCRIPTION         
single-layer model mapping function approximating the JPL   DESCRIPTION         
extended slab model mapping function is adopted. The        DESCRIPTION         
mapping function is evaluated at geodetic satellite         DESCRIPTION         
elevation angles. For the computation of the ionospheric    DESCRIPTION         
pierce points, a spherical layer with a radius of 6821 km   DESCRIPTION         
is assumed, implying geocentric, not geodetic IONEX         DESCRIPTION         
latitudes.                                                  DESCRIPTION         
Instrumental biases with respect to each involved GNSS code DESCRIPTION         
observable are estimated as constant values for each        DESCRIPTION         
day. They are modeled with one set of bias parameters for   DESCRIPTION         
each satellite and each station in case of GPS and for each DESCRIPTION         
satellite-station link in case of GLONASS. The code bias    DESCRIPTION         
datum is defined by zero-mean conditions imposed on the     DESCRIPTION         
satellite bias estimates. In this file, just GPS C1W-C2W    DESCRIPTION         
satellite and station bias values are included. The         DESCRIPTION         
complete set of GNSS code bias results is provided in an    DESCRIPTION         
additional Bias-SINEX file as pseudo-absolute values        DESCRIPTION         
specific to each observable.                                DESCRIPTION         
Note: These GIM results correspond to the results for the   DESCRIPTION         
middle day of a 3-day combination analysis solving for 73   DESCRIPTION         
times 256, or 18688 VTEC parameters and 3 daily sets of     DESCRIPTION         
GNSS code bias parameters.                                  DESCRIPTION         
Contact address: code(at)aiub.unibe.ch                      DESCRIPTION         
Data archive:    ftp.aiub.unibe.ch/CODE/                    DESCRIPTION         
                 www.aiub.unibe.ch/download/CODE/           DESCRIPTION         
  2019     1    14     0     0     0                        EPOCH OF FIRST MAP  
  2019     1    15     0     0     0                        EPOCH OF LAST MAP   
  3600                                                      INTERVAL            
[...]
chur coco cord cpvg cpxf cro1 daej darw dav1 dgar drao dubo COMMENT             
ebre faa1 fair flin flrs frdn ftna func ganp glps glsv gmsd COMMENT             
gode godz gol2 gope gras graz guam guat guug harb hers hert COMMENT             
hlfx hnlc hnpt hob2 hofn holb hrao hyde iddr ieng iisc ineg COMMENT             
iqal irkj isba jog2 joz2 joze karr kerg kir0 kiru kit3 kokb COMMENT             
kokv kouc koug kour krgg lama laut lhaz lmmf lpal lpgs m0se COMMENT             
mac1 madr mag0 maju mana mas1 mat1 mate maui maw1 mcm4 mdo1 COMMENT             
mdvj medi mets mgue mizu mkea mnls mobj mobk mobs morp mqzg COMMENT             
mro1 mtka nain nano naur nico nist nium nklg nnor not1 nrc1 COMMENT             
nril nrmd ntus nya1 nyal ohi2 ohi3 onsa opmt ous2 pado park COMMENT             
pbri pdel penc pert pfa2 pie1 pimo pohn pol2 polv pots pove COMMENT             
prds ptag ptbb qaq1 quin rabt rbay reun reyk rgdg rio2 riop COMMENT             
roth salu samo sant savo sch2 scor scrz sctb seyg sfer shao COMMENT             
sofi spt0 sthl stjo stk2 str2 suth sutm suwn sydn syog tabl COMMENT             
tabv tash thtg thti thu2 thu3 tid1 tidb tixg tixi tlse tn22 COMMENT             
tong tow2 tro1 tsea tskb tuva twtf txes uclu ufpr ulab unb3 COMMENT             
unbj unbn unsa untr urum usn7 vald vill voim vtsp wab1 wab2 COMMENT             
wark wes2 wgtn whit will wind wsrt wtza wtzr wtzs xmis yakt COMMENT             
yar2 yar3 yarr ycba yell yssk zeck zim2 zim3 zimj zimm      COMMENT             
                                                            END OF HEADER       
[from data line 7293]
    18                                                      START OF TEC MAP    
  2019     1    14    17     0     0                        EPOCH OF CURRENT MAP
    87.5-180.0 180.0   5.0 450.0                            LAT/LON1/LON2/DLON/H
   10   10   10   10   10   11   11   11   11   11   12   12   12   13   13   13
   14   14   14   14   15   15   15   16   16   16   16   16   17   17   17   17
   17   17   18   18   18   18   18   18   18   18   18   18   18   17   17   17
   17   17   16   16   16   16   15   15   15   14   14   13   13   13   12   12
   12   11   11   11   11   11   10   10   10
    85.0-180.0 180.0   5.0 450.0                            LAT/LON1/LON2/DLON/H
    7    7    7    7    8    8    8    9    9   10   11   11   12   13   13   14
   15   15   16   16   17   17   17   18   18   18   19   19   19   19   19   20
   20   20   21   21   21   21   21   21   22   22   22   21   21   21   21   21
   20   20   20   19   19   18   18   17   17   16   15   15   14   13   12   12
   11   10   10    9    9    8    8    7    7
    82.5-180.0 180.0   5.0 450.0                            LAT/LON1/LON2/DLON/H
    6    5    5    6    6    6    7    8    9   10   11   12   13   14   15   16
   17   18   19   19   20   20   20   20   20   20   20   20   20   21   21   21
   22   22   22   23   23   23   24   24   24   24   24   24   24   24   24   24
   24   23   23   23   22   22   21   21   20   19   18   17   16   15   14   13
   12   11   10    9    8    7    7    6    6
    80.0-180.0 180.0   5.0 450.0                            LAT/LON1/LON2/DLON/H
    6    5    5    5    5    5    6    7    8   10   11   13   14   16   18   19
   21   22   23   23   23   24   23   23   23   22   22   21   21   21   21   21
   22   22   23   23   24   24   25   25   25   25   25   25   25   25   25   25
   25   25   25   25   25   25   25   25   24   23   22   21   20   19   18   16
   15   13   12   11    9    8    7    6    6
    77.5-180.0 180.0   5.0 450.0                            LAT/LON1/LON2/DLON/H
    7    6    5    5    5    5    6    7    8    9   11   13   15   18   20   22
   24   25   27   28   28   28   27   26   25   24   23   22   21   20   20   20
   20   21   21   22   22   23   23   24   24   24   24   24   24   24   24   25
   25   26   26   27   27   28   28   28   28   27   27   26   25   23   22   21
   19   18   16   14   13   11   10    8    7
    75.0-180.0 180.0   5.0 450.0                            LAT/LON1/LON2/DLON/H
   10    8    7    6    6    5    5    6    7    9   11   13   15   18   21   24
   27   29   31   32   33   33   32   30   29   27   24   22   21   19   19   18
   18   18   18   19   19   20   20   20   20   20   19   20   20   20   21   22
   23   24   25   27   28   29   30   30   31   31   30   30   29   28   27   25
   24   22   21   19   17   15   13   12   10
    72.5-180.0 180.0   5.0 450.0                            LAT/LON1/LON2/DLON/H
   14   12   10    8    7    6    5    6    6    8    9   12   15   18   21   25
   29   32   35   37   38   38   37   35   33   30   27   24   21   19   17   16
   15   15   15   15   15   14   14   14   14   13   13   13   14   15   16   17
   19   21   23   25   26   28   30   31   32   32   32   32   31   31   30   29
   28   27   25   24   22   20   18   16   14
    70.0-180.0 180.0   5.0 450.0                            LAT/LON1/LON2/DLON/H
   18   15   13   10    9    7    6    6    6    7    8   10   13   17   21   25
   30   34   38   41   43   43   43   41   38   35   31   27   24   20   18   15
   13   12   11   10    9    8    8    7    6    6    6    7    8    9   10   12
   14   17   19   21   24   26   28   29   30   31   32   32   32   32   32   31
   31   30   29   28   26   24   22   20   18
    67.5-180.0 180.0   5.0 450.0                            LAT/LON1/LON2/DLON/H
   21   18   16   13   11    9    7    6    6    6    7    9   12   16   20   25
   31   36   41   44   47   48   48   46   43   40   36   32   27   23   19   16
   13   10    7    5    4    2    1    0    0    0    0    1    2    4    6    8
   10   13   15   17   20   22   24   26   27   28   29   30   30   31   31   32
   32   32   31   30   29   28   26   23   21
    65.0-180.0 180.0   5.0 450.0                            LAT/LON1/LON2/DLON/H
   24   22   19   16   14   11    9    8    7    7    8   10   12   16   20   26
   32   37   43   47   51   52   52   51   49   45   41   37   33   28   23   19
   14   10    6    2    0    0    0    0    0    0    0    0    0    2    4    6
    8   10   12   14   15   17   19   21   23   24   25   26   27   28   29   30
   31   31   31   31   30   29   28   26   24
    62.5-180.0 180.0   5.0 450.0                            LAT/LON1/LON2/DLON/H
   26   24   22   20   17   15   13   11   10   10   11   12   14   17   22   27
   33   39   45   50   53   55   55   54   53   50   47   43   39   35   29   23
   17   12    6    2    0    0    0    0    0    0    0    0    0    2    4    6
    8    9   10   11   12   13   15   17   18   20   21   23   24   25   27   28
   29   30   30   30   30   29   28   27   26
    60.0-180.0 180.0   5.0 450.0                            LAT/LON1/LON2/DLON/H
   28   27   26   24   22   19   17   15   14   14   15   16   18   21   25   30
   36   42   47   52   54   56   57   56   55   54   52   50   46   42   37   30
   23   16   10    5    1    0    0    0    0    0    0    2    4    6    8    9
   10   10   10   10   10   11   12   14   16   17   19   20   21   23   24   25
   27   27   28   28   28   28   28   28   28
    57.5-180.0 180.0   5.0 450.0                            LAT/LON1/LON2/DLON/H
   30   31   31   30   27   25   22   21   20   20   20   21   23   26   30   35
   40   45   50   53   55   56   57   57   57   57   56   56   54   50   45   38
   30   23   16   11    7    5    4    4    5    6    8   10   11   13   14   14
   14   13   12   11   11   11   12   14   15   17   18   19   21   22   23   24
   25   25   26   26   26   26   27   28   30
    55.0-180.0 180.0   5.0 450.0                            LAT/LON1/LON2/DLON/H
   32   34   35   35   33   31   28   27   26   26   27   28   29   32   35   40
   45   50   53   55   56   56   56   57   58   59   60   61   61   58   53   46
   38   30   24   19   16   15   15   15   16   17   19   20   21   21   21   21
   19   18   17   15   15   15   15   16   18   19   20   21   22   22   23   24
   24   24   24   24   24   25   27   29   32
    52.5-180.0 180.0   5.0 450.0                            LAT/LON1/LON2/DLON/H
   35   38   40   41   39   37   34   33   33   33   34   35   36   38   42   46
   51   54   57   57   57   57   57   58   60   62   65   67   67   65   60   53
   45   37   32   28   27   27   28   29   30   30   31   32   32   31   30   28
   27   25   23   22   22   21   22   22   23   24   24   25   25   25   25   25
   25   25   24   24   24   25   27   31   35
    50.0-180.0 180.0   5.0 450.0                            LAT/LON1/LON2/DLON/H
   38   42   45   45   44   42   40   39   40   40   41   42   43   44   48   52
   56   60   61   61   60   60   60   62   64   67   70   72   73   70   65   57
   50   43   39   38   38   40   41   43   44   44   44   44   43   41   39   37
   35   33   32   32   31   31   30   30   30   30   30   30   29   28   28   27
   27   27   26   26   26   27   29   33   38
    47.5-180.0 180.0   5.0 450.0                            LAT/LON1/LON2/DLON/H
   40   45   47   48   47   46   44   45   46   48   49   49   50   51   54   58
   63   65   66   66   65   65   67   69   71   74   77   78   78   74   68   60
   53   47   45   46   48   51   54   55   56   57   57   56   54   52   49   47
   44   43   42   42   41   41   40   39   38   37   36   35   33   32   31   30
   29   29   29   28   29   30   32   36   40
    45.0-180.0 180.0   5.0 450.0                            LAT/LON1/LON2/DLON/H
   42   46   48   49   48   47   47   49   52   54   56   57   57   58   60   65
   69   71   72   72   73   74   76   79   81   83   85   85   82   77   70   61
   54   50   50   52   56   60   63   66   67   68   68   67   65   62   59   56
   54   52   52   52   51   50   49   47   45   43   42   39   37   35   34   32
   32   31   31   32   32   33   35   38   42
    42.5-180.0 180.0   5.0 450.0                            LAT/LON1/LON2/DLON/H
   42   44   46   47   47   47   49   52   56   61   63   64   64   65   67   71
   75   78   79   80   82   85   88   91   93   93   93   91   87   80   71   62
   55   52   54   58   63   67   71   73   75   77   77   77   75   73   69   66
   63   61   60   60   60   58   56   53   51   48   45   43   40   37   35   34
   33   34   34   35   36   37   38   40   42
    40.0-180.0 180.0   5.0 450.0                            LAT/LON1/LON2/DLON/H
   40   41   42   43   43   45   48   53   60   66   70   71   71   72   74   78
   82   85   87   89   92   97  101  104  104  103  100   97   91   83   73   64
   58   57   59   64   69   73   76   79   81   84   85   86   85   83   79   74
   70   68   66   66   65   63   60   57   54   51   48   45   41   38   36   35
   34   35   36   37   39   39   40   40   40
    37.5-180.0 180.0   5.0 450.0                            LAT/LON1/LON2/DLON/H
   38   37   37   37   38   41   46   53   62   70   75   78   78   79   81   85
   89   92   95   98  103  108  113  114  113  110  106  102   96   88   78   70
   65   65   69   73   76   78   80   82   85   89   91   93   93   91   87   81
   76   71   69   67   66   64   61   58   55   52   49   45   42   39   36   35
   34   35   37   39   40   41   40   39   38
    35.0-180.0 180.0   5.0 450.0                            LAT/LON1/LON2/DLON/H
   34   33   32   32   33   37   43   52   62   72   79   83   84   85   88   91
   95   99  102  107  112  118  121  121  118  113  109  106  101   95   87   81
   78   80   84   86   87   85   85   86   89   92   95   97   98   96   92   85
   78   72   68   66   64   63   60   57   55   52   49   45   42   39   36   35
   34   35   36   39   40   40   39   36   34
    32.5-180.0 180.0   5.0 450.0                            LAT/LON1/LON2/DLON/H
   31   29   28   28   30   34   41   50   61   71   80   85   88   90   93   96
  100  104  108  113  119  124  125  123  118  112  110  109  108  105  101   98
   99  102  104  104  100   95   91   90   91   94   97   99  100   98   94   86
   77   70   64   62   60   59   58   55   53   51   48   45   42   39   36   35
   34   34   35   37   39   38   36   34   31
    30.0-180.0 180.0   5.0 450.0                            LAT/LON1/LON2/DLON/H
   29   27   26   27   28   33   40   49   59   70   79   85   90   93   96   99
  103  107  111  117  122  126  125  120  113  109  109  112  116  119  120  121
  124  128  130  126  117  106   98   94   94   95   96   97   98   96   92   84
   74   65   59   56   55   55   54   53   52   50   48   45   42   39   37   35
   34   34   34   35   36   35   33   31   29
    27.5-180.0 180.0   5.0 450.0                            LAT/LON1/LON2/DLON/H
   28   28   27   28   30   34   40   48   58   68   76   84   89   93   97  100
  104  107  112  117  122  123  119  113  106  104  108  117  127  135  141  147
  153  158  157  149  135  119  106   99   96   95   94   93   93   91   87   79
   69   60   54   51   51   51   51   51   50   48   47   44   42   40   38   36
   34   33   33   33   33   32   30   29   28
    25.0-180.0 180.0   5.0 450.0                            LAT/LON1/LON2/DLON/H
   29   30   30   31   33   37   43   50   58   66   74   81   87   91   96   99
  102  106  110  114  117  116  111  105  100  101  110  124  139  152  163  172
  181  185  182  170  150  130  114  104   98   93   90   87   85   84   80   73
   64   56   50   48   48   49   50   49   48   47   45   43   42   40   39   37
   35   34   33   32   30   29   28   28   29
    22.5-180.0 180.0   5.0 450.0                            LAT/LON1/LON2/DLON/H
   30   33   34   35   37   41   47   53   59   65   71   78   83   89   93   96
   99  102  106  109  110  108  103   98   97  103  116  134  153  169  183  194
  203  207  201  185  162  139  120  108  100   92   86   81   78   76   73   68
   60   53   48   47   48   49   49   48   47   45   43   42   41   40   39   38
   36   34   32   30   28   27   26   28   30
    20.0-180.0 180.0   5.0 450.0                            LAT/LON1/LON2/DLON/H
   31   35   37   39   41   46   52   57   62   67   71   76   81   86   90   93
   96   98  100  103  103  101   97   96  100  110  127  147  167  184  198  210
  218  219  211  193  168  144  125  112  102   92   83   76   72   70   68   64
   58   53   49   48   49   50   49   48   45   43   41   40   39   39   39   38
   36   34   32   30   27   25   25   27   31
    17.5-180.0 180.0   5.0 450.0                            LAT/LON1/LON2/DLON/H
   32   35   38   40   44   49   56   63   67   71   73   76   80   84   89   92
   94   95   96   97   97   96   96  100  109  124  143  162  180  195  207  217
  223  222  212  192  168  146  128  115  105   94   84   75   70   67   65   62
   58   55   52   52   52   52   50   48   44   41   39   38   37   37   37   37
   35   34   32   29   27   24   24   27   32
    15.0-180.0 180.0   5.0 450.0                            LAT/LON1/LON2/DLON/H
   30   33   36   38   43   51   60   67   73   76   78   79   82   85   90   93
   95   95   95   95   95   96  100  110  125  143  161  177  190  201  210  217
  220  216  205  186  165  146  131  120  110   99   87   78   71   67   65   63
   60   58   56   55   55   54   52   48   44   41   38   36   36   35   35   35
   34   33   31   29   27   24   24   26   30
    12.5-180.0 180.0   5.0 450.0                            LAT/LON1/LON2/DLON/H
   28   29   31   34   40   50   61   71   78   82   83   84   86   89   93   97
   99   99   98   97   98  101  110  125  145  164  180  191  198  203  208  211
  211  206  194  178  161  146  136  127  118  107   95   84   77   71   68   66
   64   62   61   59   58   56   54   50   46   42   39   37   35   34   33   32
   32   31   30   29   27   25   24   25   28
    10.0-180.0 180.0   5.0 450.0                            LAT/LON1/LON2/DLON/H
   24   24   25   28   36   48   61   73   81   87   89   90   91   94   99  104
  106  106  105  104  106  112  124  143  165  184  196  200  201  202  203  204
  202  196  185  172  160  151  144  137  128  117  105   93   85   78   73   70
   68   67   65   63   61   59   57   53   50   46   42   39   36   33   32   30
   30   29   29   29   27   25   24   24   24
     7.5-180.0 180.0   5.0 450.0                            LAT/LON1/LON2/DLON/H
   21   19   19   22   32   45   60   73   83   90   94   95   97  101  107  113
  116  117  116  116  118  126  141  162  184  200  207  206  202  200  200  199
  196  190  182  173  165  160  155  149  140  128  115  103   93   85   79   75
   73   71   68   65   63   62   60   58   55   51   47   42   38   34   31   29
   28   28   28   28   28   26   25   23   21
     5.0-180.0 180.0   5.0 450.0                            LAT/LON1/LON2/DLON/H
   18   15   14   19   29   43   58   72   83   91   97  100  103  108  115  122
  128  130  130  131  134  143  158  177  197  209  211  207  201  199  200  200
  198  194  187  181  177  173  170  164  153  139  125  112  101   92   84   80
   77   74   71   68   66   65   64   63   60   57   52   47   42   36   32   30
   28   28   28   28   28   27   25   22   18
     2.5-180.0 180.0   5.0 450.0                            LAT/LON1/LON2/DLON/H
   17   13   13   18   30   44   58   70   82   91   99  104  108  115  123  132
  139  143  144  147  151  159  172  188  203  211  210  205  200  201  205  208
  209  206  201  197  193  190  186  177  164  148  132  118  107   97   89   84
   80   77   74   70   68   68   69   68   66   62   58   52   46   39   35   31
   29   29   28   28   28   28   26   22   17
