workspace/datasets/gnss/BRUX/codg0140.19i
     1.0            IONOSPHERE MAPS     GNSS                IONEX VERSION / TYPE
ADDNEQ2 V5.3        AIUB                18-JAN-19 20:17     PGM / RUN BY / DATE 
CODE'S GLOBAL IONOSPHERE MAPS FOR DAY 014, 2019             COMMENT             
Global ionosphere maps (GIM) are generated on a daily basis DESCRIPTION         
at CODE using data from about 300 GNSS sites of the IGS and DESCRIPTION         
other institutions. The vertical total electron content     DESCRIPTION         
(VTEC) is modeled in a solar-geomagnetic reference frame    DESCRIPTION         
using a spherical harmonics expansion up to degree and      DESCRIPTION         
order 15. Piece-wise linear functions are used for          DESCRIPTION         
representation in the time domain. The time spacing of      DESCRIPTION         
their vertices is 1 hour, conforming with the epochs of the DESCRIPTION         
VTEC maps.                                                  DESCRIPTION         
To convert line-of-sight TEC into vertical TEC, a modified  DESCRIPTION         
single-layer model mapping function approximating the JPL   DESCRIPTION         
extended slab model mapping function is adopted. The        DESCRIPTION         
mapping function is evaluated at geodetic satellite         DESCRIPTION         
elevation angles. For the computation of the ionospheric    DESCRIPTION         
pierce points, a spherical layer with a radius of 6821 km   DESCRIPTION         
is assumed, implying geocentric, not geodetic IONEX         DESCRIPTION         
latitudes.                                                  DESCRIPTION         
Instrumental biases with respect to each involved GNSS code DESCRIPTION         
observable are estimated as constant values for each        DESCRIPTION         
day. They are modeled with one set of bias parameters for   DESCRIPTION         
each satellite and each station in case of GPS and for each DESCRIPTION         
satellite-station link in case of GLONASS. The code bias    DESCRIPTION         
datum is defined by zero-mean conditions imposed on the     DESCRIPTION         
satellite bias estimates. In this file, just GPS C1W-C2W    DESCRIPTION         
satellite and station bias values are included. The         DESCRIPTION         
complete set of GNSS code bias results is provided in an    DESCRIPTION         
additional Bias-SINEX file as pseudo-absolute values        DESCRIPTION         
specific to each observable.                                DESCRIPTION         
Note: These GIM results correspond to the results for the   DESCRIPTION         
middle day of a 3-day combination analysis solving for 73   DESCRIPTION         
times 256, or 18688 VTEC parameters and 3 daily sets of     DESCRIPTION         
GNSS code bias parameters.                                  DESCRIPTION         
Contact address: code(at)aiub.unibe.ch                      DESCRIPTION         
Data archive:    ftp.aiub.unibe.ch/CODE/                    DESCRIPTION         
                 www.aiub.unibe.ch/download/CODE/           DESCRIPTION         
  2019     1    14     0     0     0                        EPOCH OF FIRST MAP  
  2019     1    15     0     0     0                        EPOCH OF LAST MAP   
  3600                                                      INTERVAL            
[...]
chur coco cord cpvg cpxf cro1 daej darw dav1 dgar drao dubo COMMENT             
ebre faa1 fair flin flrs frdn ftna func ganp glps glsv gmsd COMMENT             
gode godz gol2 gope gras graz guam guat guug harb hers hert COMMENT             
hlfx hnlc hnpt hob2 hofn holb hrao hyde iddr ieng iisc ineg COMMENT             
iqal irkj isba jog2 joz2 joze karr kerg kir0 kiru kit3 kokb COMMENT             
kokv kouc koug kour krgg lama laut lhaz lmmf lpal lpgs m0se COMMENT             
mac1 madr mag0 maju mana mas1 mat1 mate maui maw1 mcm4 mdo1 COMMENT             
mdvj medi mets mgue mizu mkea mnls mobj mobk mobs morp mqzg COMMENT             
mro1 mtka nain nano naur nico nist nium nklg nnor not1 nrc1 COMMENT             
nril nrmd ntus nya1 nyal ohi2 ohi3 onsa opmt ous2 pado park COMMENT             
pbri pdel penc pert pfa2 pie1 pimo pohn pol2 polv pots pove COMMENT             
prds ptag ptbb qaq1 quin rabt rbay reun reyk rgdg rio2 riop COMMENT             
roth salu samo sant savo sch2 scor scrz sctb seyg sfer shao COMMENT             
sofi spt0 sthl stjo stk2 str2 suth sutm suwn sydn syog tabl COMMENT             
tabv tash thtg thti thu2 thu3 tid1 tidb tixg tixi tlse tn22 COMMENT             
tong tow2 tro1 tsea tskb tuva twtf txes uclu ufpr ulab unb3 COMMENT             
unbj unbn unsa untr urum usn7 vald vill voim vtsp wab1 wab2 COMMENT             
wark wes2 wgtn whit will wind wsrt wtza wtzr wtzs xmis yakt COMMENT             
yar2 yar3 yarr ycba yell yssk zeck zim2 zim3 zimj zimm      COMMENT             
                                                            END OF HEADER       
[from data line 6006]
    15                                                      START OF TEC MAP    
  2019     1    14    14     0     0                        EPOCH OF CURRENT MAP
    87.5-180.0 180.0   5.0 450.0                            LAT/LON1/LON2/DLON/H
   19   19   19   18   18   17   17   16   16   16   15   15   15   14   14   14
   13   13   13   12   12   12   12   12   12   12   12   12   12   12   12   13
   13   13   13   14   14   15   15   16   16   16   17   18   18   19   19   20
   20   21   21   22   22   23   23   23   23   23   24   24   23   23   23   23
   23   22   22   22   21   21   20   20   19
    85.0-180.0 180.0   5.0 450.0                            LAT/LON1/LON2/DLON/H
   21   20   19   18   18   17   17   16   16   15   15   14   14   13   13   12
   12   11   10   10   10    9    9    9    9    9    9    9    9    9   10   10
   10   11   11   12   12   13   13   14   15   16   16   17   18   19   21   22
   23   24   25   26   27   28   29   30   30   30   31   30   30   30   29   29
   28   27   26   25   24   23   22   21   21
    82.5-180.0 180.0   5.0 450.0                            LAT/LON1/LON2/DLON/H
   20   19   18   18   17   17   17   17   16   16   16   15   15   14   14   13
   12   11   10   10    9    9    8    8    8    8    8    8    8    9    9   10
   10   11   11   12   12   13   13   13   14   15   15   16   17   19   20   22
   24   26   28   29   31   33   34   35   36   37   37   37   36   36   34   33
   32   30   28   27   25   24   22   21   20
    80.0-180.0 180.0   5.0 450.0                            LAT/LON1/LON2/DLON/H
   18   17   17   17   17   17   17   18   18   18   18   18   18   17   16   16
   14   13   12   11   10   10    9    9    9    9    9   10   11   11   12   13
   14   14   14   15   14   14   14   14   14   14   14   14   15   16   18   20
   22   25   28   30   33   35   37   39   41   41   42   41   41   39   38   36
   34   31   29   27   24   22   20   19   18
    77.5-180.0 180.0   5.0 450.0                            LAT/LON1/LON2/DLON/H
   16   15   15   15   16   17   18   19   20   21   21   21   21   21   20   19
   18   16   15   14   13   12   12   12   12   12   13   14   15   16   17   18
   19   20   20   19   19   18   17   15   14   13   12   12   12   13   15   17
   19   22   25   29   32   35   38   40   42   43   43   43   43   41   39   37
   34   31   29   26   23   20   18   17   16
    75.0-180.0 180.0   5.0 450.0                            LAT/LON1/LON2/DLON/H
   14   14   14   15   16   17   18   20   21   22   23   23   24   23   23   22
   20   19   18   17   16   16   15   15   16   17   18   19   21   22   23   25
   25   26   25   25   23   22   20   17   15   13   11   10   10   10   11   12
   15   18   21   25   29   32   35   38   40   41   42   42   42   40   39   37
   34   31   28   25   22   19   17   16   14
    72.5-180.0 180.0   5.0 450.0                            LAT/LON1/LON2/DLON/H
   15   14   14   15   16   17   18   20   21   22   23   24   24   24   23   23
   22   21   20   20   19   19   19   20   20   21   23   24   26   27   29   30
   31   31   30   29   27   25   22   19   17   14   11    9    8    7    8    9
   11   13   17   20   24   27   30   32   34   36   37   38   38   38   37   35
   33   31   28   25   23   20   18   16   15
    70.0-180.0 180.0   5.0 450.0                            LAT/LON1/LON2/DLON/H
   17   16   16   16   16   17   18   18   19   20   21   21   22   22   22   22
   21   21   21   21   21   22   23   24   25   26   27   29   30   32   33   34
   35   35   34   32   29   27   24   21   18   15   13   10    8    7    7    7
    8   10   12   15   18   20   23   25   27   28   30   31   32   33   34   34
   33   32   30   27   25   22   20   18   17
    67.5-180.0 180.0   5.0 450.0                            LAT/LON1/LON2/DLON/H
   20   19   19   18   17   17   16   16   16   16   17   17   17   18   18   19
   19   20   20   21   23   24   26   27   28   29   30   32   33   35   36   37
   37   36   35   32   30   27   24   22   19   17   15   13   11    9    8    7
    7    8    9   11   12   14   15   17   18   19   21   23   26   28   30   32
   33   33   32   30   28   26   24   22   20
    65.0-180.0 180.0   5.0 450.0                            LAT/LON1/LON2/DLON/H
   24   23   22   20   19   17   15   14   13   12   12   12   12   13   14   15
   16   17   19   21   23   25   28   29   31   32   33   34   35   37   38   39
   38   37   34   31   28   25   23   22   21   20   19   17   16   13   11    9
    8    7    7    8    8    9    9   10   10   11   13   16   20   24   28   31
   33   34   33   32   31   29   27   26   24
    62.5-180.0 180.0   5.0 450.0                            LAT/LON1/LON2/DLON/H
   28   27   25   23   21   18   15   12   10    8    7    7    8    9   10   11
   13   15   17   20   23   26   29   31   33   34   35   36   37   39   41   41
   41   38   35   31   27   24   23   22   23   23   24   23   21   19   16   13
   10    8    7    6    6    6    5    5    5    6    8   11   15   20   25   30
   33   34   34   34   33   32   30   29   28
    60.0-180.0 180.0   5.0 450.0                            LAT/LON1/LON2/DLON/H
   31   30   28   26   23   20   16   13    9    7    5    5    5    6    7    9
   11   13   16   19   23   27   30   33   34   36   37   38   41   43   45   46
   45   42   38   33   28   25   24   24   26   28   29   29   28   25   21   17
   13   10    8    7    6    5    4    4    3    4    6    9   14   19   24   29
   32   34   34   34   33   33   32   32   31
    57.5-180.0 180.0   5.0 450.0                            LAT/LON1/LON2/DLON/H
   33   32   31   29   27   23   20   16   12    8    6    5    5    6    7    9
   11   13   16   20   24   28   32   35   37   38   40   42   46   49   52   54
   53   49   44   38   32   29   27   28   31   33   35   36   34   31   26   21
   17   13   11    9    8    7    7    6    6    6    8   11   15   20   25   29
   31   32   33   32   32   32   33   33   33
    55.0-180.0 180.0   5.0 450.0                            LAT/LON1/LON2/DLON/H
   34   34   33   32   30   28   25   21   17   13   10    8    7    8    9   10
   12   15   18   22   26   31   35   38   40   42   45   48   53   57   61   63
   62   58   52   46   40   36   34   35   37   40   42   43   41   37   32   26
   21   17   15   13   12   12   12   12   12   13   14   15   19   22   26   29
   31   31   31   30   30   31   33   34   34
    52.5-180.0 180.0   5.0 450.0                            LAT/LON1/LON2/DLON/H
   35   35   35   35   34   33   31   28   24   20   16   14   12   11   12   13
   15   18   22   26   31   35   40   43   46   49   52   56   61   66   71   72
   71   68   62   56   50   46   44   44   46   48   50   50   47   43   38   32
   27   23   20   19   18   19   20   21   21   22   22   22   24   26   29   30
   31   30   29   29   30   31   33   35   35
    50.0-180.0 180.0   5.0 450.0                            LAT/LON1/LON2/DLON/H
   37   37   37   37   38   38   37   35   32   28   24   21   18   16   16   17
   20   23   28   32   37   42   47   51   54   57   60   65   70   75   79   80
   79   75   71   66   61   58   56   56   57   58   58   57   55   50   45   39
   34   30   27   25   25   27   29   30   32   32   31   30   30   31   32   33
   32   31   29   29   31   33   35   37   37
    47.5-180.0 180.0   5.0 450.0                            LAT/LON1/LON2/DLON/H
   39   38   38   39   40   42   43   42   40   36   33   28   24   21   20   21
   25   29   35   40   46   51   56   60   63   66   70   74   78   82   84   84
   83   80   77   74   72   70   69   69   68   68   68   66   63   58   53   48
   43   38   35   33   33   35   37   40   42   42   40   38   37   36   36   36
   35   33   32   32   34   36   39   40   39
    45.0-180.0 180.0   5.0 450.0                            LAT/LON1/LON2/DLON/H
   42   40   38   39   42   45   47   47   46   43   40   35   31   27   25   26
   30   36   43   49   56   62   67   71   74   77   80   83   85   87   86   84
   82   80   80   81   82   82   82   81   80   79   77   75   72   68   63   58
   52   48   44   42   41   42   45   48   50   50   48   44   42   40   40   39
   38   37   35   36   38   41   43   44   42
    42.5-180.0 180.0   5.0 450.0                            LAT/LON1/LON2/DLON/H
   44   40   38   39   42   45   48   49   49   48   46   41   36   32   29   31
   36   43   51   59   66   72   78   82   85   87   89   91   91   89   86   82
   79   79   82   87   91   94   94   93   92   89   87   85   81   78   73   68
   62   57   53   50   48   49   51   54   56   55   53   49   46   44   43   43
   42   41   40   40   43   46   47   47   44
    40.0-180.0 180.0   5.0 450.0                            LAT/LON1/LON2/DLON/H
   44   40   37   37   40   44   47   49   50   51   49   46   41   37   34   36
   42   50   59   67   75   82   88   92   95   96   97   97   95   91   85   79
   76   78   85   94  101  105  106  105  102   99   97   94   91   87   83   77
   71   65   60   57   54   54   56   58   59   59   56   52   49   47   46   46
   46   44   43   44   46   48   50   48   44
    37.5-180.0 180.0   5.0 450.0                            LAT/LON1/LON2/DLON/H
   43   38   36   36   38   41   44   47   49   51   51   50   46   42   40   42
   49   57   66   75   83   90   95   99  102  103  103  102  100   94   86   79
   78   83   93  105  114  118  118  115  112  108  105  102   99   96   91   85
   78   72   66   62   59   58   59   60   61   60   58   54   51   49   49   49
   48   47   45   45   46   48   49   47   43
    35.0-180.0 180.0   5.0 450.0                            LAT/LON1/LON2/DLON/H
   41   37   34   34   36   39   41   44   46   49   51   52   50   47   46   49
   56   64   73   81   88   94  100  104  105  106  107  107  104   99   91   86
   87   95  108  122  130  133  131  126  121  116  112  109  106  102   97   90
   83   76   70   65   63   62   62   62   62   61   58   55   52   51   50   50
   49   47   44   43   44   45   46   44   41
    32.5-180.0 180.0   5.0 450.0                            LAT/LON1/LON2/DLON/H
   38   35   34   34   36   37   39   40   43   47   50   52   52   52   53   56
   63   70   77   84   90   96  101  104  105  106  108  110  110  107  102  100
  104  116  132  145  151  150  144  136  129  123  119  115  112  108  102   94
   86   78   72   68   65   64   63   63   62   60   58   56   54   52   51   50
   48   45   42   40   39   40   41   40   38
    30.0-180.0 180.0   5.0 450.0                            LAT/LON1/LON2/DLON/H
   35   35   35   35   36   37   37   38   40   44   47   51   53   55   58   63
   69   75   80   85   90   95   99  101  102  103  107  113  117  119  118  120
  129  145  161  172  174  168  157  147  137  130  124  120  116  112  106   97
   88   79   73   69   67   66   65   63   61   60   58   56   55   53   51   49
   47   43   39   36   34   35   36   36   35
    27.5-180.0 180.0   5.0 450.0                            LAT/LON1/LON2/DLON/H
   34   35   37   38   38   38   38   38   39   41   44   48   52   56   62   68
   73   78   81   84   88   92   95   96   96   98  105  115  125  133  138  145
  158  176  192  199  195  184  169  156  145  137  130  125  121  117  111  102
   91   82   75   71   69   68   66   64   61   59   57   56   55   53   51   48
   44   40   36   32   30   30   31   33   34
    25.0-180.0 180.0   5.0 450.0                            LAT/LON1/LON2/DLON/H
   35   37   39   40   41   40   39   39   39   39   41   44   49   55   63   70
   76   79   80   82   84   88   90   90   89   92  102  117  133  147  158  170
  186  204  218  221  212  196  178  163  152  143  136  130  127  124  118  109
   98   87   78   74   71   70   68   64   61   58   56   56   55   52   49   46
   42   38   34   31   28   28   29   32   35
    22.5-180.0 180.0   5.0 450.0                            LAT/LON1/LON2/DLON/H
   36   40   42   43   43   42   41   41   40   38   38   40   45   53   62   71
   76   78   78   79   81   84   85   84   83   87   99  119  141  160  175  190
  207  225  236  234  220  201  182  168  158  150  143  138  135  133  128  119
  107   95   84   78   74   72   69   65   61   57   55   54   53   51   48   44
   41   38   35   32   30   29   30   33   36
    20.0-180.0 180.0   5.0 450.0                            LAT/LON1/LON2/DLON/H
   38   41   43   44   44   43   43   43   41   39   36   36   40   49   60   69
   75   77   76   76   78   81   82   80   79   84   99  122  147  169  186  202
  219  234  241  235  219  199  182  171  163  157  151  147  146  145  141  132
  119  105   92   83   77   74   70   66   61   56   54   52   51   49   46   43
   40   39   37   35   33   32   33   35   38
    17.5-180.0 180.0   5.0 450.0                            LAT/LON1/LON2/DLON/H
   40   42   43   43   42   42   43   44   43   39   35   34   37   46   57   67
   73   75   74   75   77   80   80   78   77   83  100  125  152  175  192  206
  220  232  234  226  208  190  178  171  168  164  161  159  159  158  155  146
  132  117  102   89   81   76   71   67   62   57   53   51   49   46   44   41
   40   40   40   39   38   37   36   37   40
    15.0-180.0 180.0   5.0 450.0                            LAT/LON1/LON2/DLON/H
   40   40   40   40   39   39   41   43   43   40   36   33   36   44   56   66
   72   74   74   75   78   81   82   80   80   87  104  130  156  178  193  204
  213  220  219  209  193  179  172  172  173  173  171  171  172  172  168  159
  144  128  111   96   86   78   74   69   64   58   54   50   47   44   42   41
   41   42   43   43   42   41   39   39   40
    12.5-180.0 180.0   5.0 450.0                            LAT/LON1/LON2/DLON/H
   38   37   36   34   33   33   36   40   42   40   37   34   37   44   55   65
   71   74   75   76   80   84   86   85   86   94  111  135  160  178  190  197
  202  205  201  191  178  170  169  174  179  182  182  183  184  183  178  168
  154  137  120  104   91   82   77   73   68   62   56   51   47   44   42   41
   42   43   44   45   45   43   41   39   38
    10.0-180.0 180.0   5.0 450.0                            LAT/LON1/LON2/DLON/H
   35   33   30   28   26   26   29   34   38   39   37   36   38   46   56   66
   73   75   77   80   84   88   91   92   95  103  120  142  163  178  186  190
  192  191  187  178  169  166  170  179  187  191  193  194  194  192  184  173
  159  143  127  111   97   88   83   79   74   68   60   54   48   45   43   42
   42   43   44   45   45   44   42   38   35
     7.5-180.0 180.0   5.0 450.0                            LAT/LON1/LON2/DLON/H
   32   28   25   23   20   20   22   27   32   36   36   37   40   48   58   68
   75   78   81   84   88   94   98  101  105  114  130  149  167  179  184  185
  186  185  181  175  170  171  178  189  197  201  202  203  201  196  186  174
  160  147  133  118  105   95   90   86   82   75   67   59   52   48   45   44
   43   43   43   44   44   43   41   36   32
     5.0-180.0 180.0   5.0 450.0                            LAT/LON1/LON2/DLON/H
   29   25   22   19   16   14   16   20   26   31   34   36   41   50   60   70
   77   81   84   88   93   98  104  109  115  125  139  156  170  180  184  186
  187  188  186  183  182  185  193  202  208  210  210  208  204  196  184  171
  159  149  138  125  113  104   98   95   90   83   74   65   57   52   49   47
   45   43   41   42   42   42   39   35   29
     2.5-180.0 180.0   5.0 450.0                            LAT/LON1/LON2/DLON/H
   28   24   21   18   14   12   11   14   19   25   29   34   41   50   61   72
   79   84   87   91   96  102  109  116  124  134  147  161  173  181  186  190
  195  198  200  200  201  205  211  216  218  217  214  210  204  194  181  168
  158  150  143  133  122  113  107  103   98   90   80   71   63   58   54   51
   47   43   41   40   41   41   38   34   28
