workspace/datasets/gnss/BRUX/codg0140.19i
     1.0            IONOSPHERE MAPS     GNSS                IONEX VERSION / TYPE
ADDNEQ2 V5.3        AIUB                18-JAN-19 20:17     PGM / RUN BY / DATE 
CODE'S GLOBAL IONOSPHERE MAPS FOR DAY 014, 2019             COMMENT             
Global ionosphere maps (GIM) are generated on a daily basis DESCRIPTION         
at CODE using data from about 300 GNSS sites of the IGS and DESCRIPTION         
other institutions. The vertical total electron content     DESCRIPTION         
(VTEC) is modeled in a solar-geomagnetic reference frame    DESCRIPTION         
using a spherical harmonics expansion up to degree and      DESCRIPTION         
order 15. Piece-wise linear functions are used for          DESCRIPTION         
representation in the time domain. The time spacing of      DESCRIPTION         
their vertices is 1 hour, conforming with the epochs of the DESCRIPTION         
VTEC maps.                                                  DESCRIPTION         
To convert line-of-sight TEC into vertical TEC, a modified  DESCRIPTION         
single-layer model mapping function approximating the JPL   DESCRIPTION         
extended slab model mapping function is adopted. The        DESCRIPTION         
mapping function is evaluated at geodetic satellite         DESCRIPTION         
elevation angles. For the computation of the ionospheric    DESCRIPTION         
pierce points, a spherical layer with a radius of 6821 km   DESCRIPTION         
is assumed, implying geocentric, not geodetic IONEX         DESCRIPTION         
latitudes.                                                  DESCRIPTION         
Instrumental biases with respect to each involved GNSS code DESCRIPTION         
observable are estimated as constant values for each        DESCRIPTION         
day. They are modeled with one set of bias parameters for   DESCRIPTION         
each satellite and each station in case of GPS and for each DESCRIPTION         
satellite-station link in case of GLONASS. The code bias    DESCRIPTION         
datum is defined by zero-mean conditions imposed on the     DESCRIPTION         
satellite bias estimates. In this file, just GPS C1W-C2W    DESCRIPTION         
satellite and station bias values are included. The         DESCRIPTION         
complete set of GNSS code bias results is provided in an    DESCRIPTION         
additional Bias-SINEX file as pseudo-absolute values        DESCRIPTION         
specific to each observable.                                DESCRIPTION         
Note: These GIM results correspond to the results for the   DESCRIPTION         
middle day of a 3-day combination analysis solving for 73   DESCRIPTION         
times 256, or 18688 VTEC parameters and 3 daily sets of     DESCRIPTION         
GNSS code bias parameters.                                  DESCRIPTION         
Contact address: code(at)aiub.unibe.ch                      DESCRIPTION         
Data archive:    ftp.aiub.unibe.ch/CODE/                    DESCRIPTION         
                 www.aiub.unibe.ch/download/CODE/           DESCRIPTION         
  2019     1    14     0     0     0                        EPOCH OF FIRST MAP  
  2019     1    15     0     0     0                        EPOCH OF LAST MAP   
  3600                                                      INTERVAL            
[...]
chur coco cord cpvg cpxf cro1 daej darw dav1 dgar drao dubo COMMENT             
ebre faa1 fair flin flrs frdn ftna func ganp glps glsv gmsd COMMENT             
gode godz gol2 gope gras graz guam guat guug harb hers hert COMMENT             
hlfx hnlc hnpt hob2 hofn holb hrao hyde iddr ieng iisc ineg COMMENT             
iqal irkj isba jog2 joz2 joze karr kerg kir0 kiru kit3 kokb COMMENT             
kokv kouc koug kour krgg lama laut lhaz lmmf lpal lpgs m0se COMMENT             
mac1 madr mag0 maju mana mas1 mat1 mate maui maw1 mcm4 mdo1 COMMENT             
mdvj medi mets mgue mizu mkea mnls mobj mobk mobs morp mqzg COMMENT             
mro1 mtka nain nano naur nico nist nium nklg nnor not1 nrc1 COMMENT             
nril nrmd ntus nya1 nyal ohi2 ohi3 onsa opmt ous2 pado park COMMENT             
pbri pdel penc pert pfa2 pie1 pimo pohn pol2 polv pots pove COMMENT             
prds ptag ptbb qaq1 quin rabt rbay reun reyk rgdg rio2 riop COMMENT             
roth salu samo sant savo sch2 scor scrz sctb seyg sfer shao COMMENT             
sofi spt0 sthl stjo stk2 str2 suth sutm suwn sydn syog tabl COMMENT             
tabv tash thtg thti thu2 thu3 tid1 tidb tixg tixi tlse tn22 COMMENT             
tong tow2 tro1 tsea tskb tuva twtf txes uclu ufpr ulab unb3 COMMENT             
unbj unbn unsa untr urum usn7 vald vill voim vtsp wab1 wab2 COMMENT             
wark wes2 wgtn whit will wind wsrt wtza wtzr wtzs xmis yakt COMMENT             
yar2 yar3 yarr ycba yell yssk zeck zim2 zim3 zimj zimm      COMMENT             
                                                            END OF HEADER       
[from data line 10296]
    25                                                      START OF TEC MAP    
  2019     1    15     0     0     0                        EPOCH OF CURRENT MAP
    87.5-180.0 180.0   5.0 450.0                            LAT/LON1/LON2/DLON/H
   17   17   17   17   17   17   17   17   16   16   16   15   15   14   13   13
   12   11   11   10    9    8    8    7    6    5    5    4    4    3    3    3
    2    2    2    2    2    2    2    3    3    3    4    4    4    5    5    6
    6    7    7    8    8    9    9   10   10   11   12   12   12   13   13   14
   14   15   15   15   16   16   16   17   17
    85.0-180.0 180.0   5.0 450.0                            LAT/LON1/LON2/DLON/H
   23   23   24   24   24   24   24   24   24   23   22   22   21   20   19   18
   16   15   13   12   10    9    7    5    4    3    1    0    0    0    0    0
    0    0    0    0    0    0    0    0    0    1    2    2    3    4    5    6
    7    7    8    9   10   10   11   12   12   13   14   14   15   16   16   17
   18   18   19   20   21   21   22   22   23
    82.5-180.0 180.0   5.0 450.0                            LAT/LON1/LON2/DLON/H
   26   27   28   28   29   29   29   29   29   29   28   28   27   25   24   23
   21   19   17   15   13   10    8    6    4    2    0    0    0    0    0    0
    0    0    0    0    0    0    0    0    2    3    4    5    6    7    8    9
   10   11   12   12   13   13   14   14   15   15   15   16   16   17   18   18
   19   20   21   22   22   23   24   25   26
    80.0-180.0 180.0   5.0 450.0                            LAT/LON1/LON2/DLON/H
   27   28   29   30   31   32   32   32   32   32   32   31   30   29   28   27
   25   23   21   19   16   14   11    8    6    3    1    0    0    0    0    0
    0    0    0    0    1    2    4    5    7    8   10   11   12   13   14   15
   15   16   16   17   17   17   17   17   16   16   16   16   16   16   17   17
   18   19   20   21   22   23   24   26   27
    77.5-180.0 180.0   5.0 450.0                            LAT/LON1/LON2/DLON/H
   26   27   29   30   31   32   33   33   33   33   33   33   32   31   30   29
   28   26   24   22   20   18   15   12    9    7    5    3    2    1    1    1
    2    3    5    6    8    9   11   12   14   15   16   17   19   19   20   21
   21   21   21   21   21   20   19   18   18   17   16   16   15   15   15   15
   15   16   17   18   19   21   22   24   26
    75.0-180.0 180.0   5.0 450.0                            LAT/LON1/LON2/DLON/H
   24   26   28   30   31   32   33   33   33   33   33   32   31   31   30   30
   29   28   27   25   24   22   19   17   14   12   10    8    7    7    7    8
    9   10   12   13   15   16   17   19   20   21   22   23   24   24   25   25
   25   25   25   24   23   22   21   19   18   17   16   14   14   13   13   12
   13   13   14   15   16   18   20   22   24
    72.5-180.0 180.0   5.0 450.0                            LAT/LON1/LON2/DLON/H
   24   26   29   30   32   32   33   33   33   32   31   30   30   29   29   28
   28   28   28   27   27   25   23   21   19   17   15   13   12   12   13   14
   16   17   18   20   20   21   22   22   23   23   24   25   25   26   26   27
   27   27   26   25   24   23   21   19   18   16   15   13   12   12   11   11
   11   11   12   13   15   17   19   22   24
    70.0-180.0 180.0   5.0 450.0                            LAT/LON1/LON2/DLON/H
   26   29   31   33   34   35   35   34   33   32   31   29   28   27   26   26
   26   27   27   28   28   27   26   24   22   20   18   17   16   17   17   19
   20   21   22   23   23   22   22   22   22   22   22   23   23   24   24   25
   25   25   25   24   23   22   20   18   17   15   14   13   12   11   11   11
   11   12   13   14   16   18   21   23   26
    67.5-180.0 180.0   5.0 450.0                            LAT/LON1/LON2/DLON/H
   31   34   36   37   38   38   38   36   35   33   31   29   27   25   24   23
   24   24   25   27   27   27   26   25   23   21   19   18   18   18   19   21
   22   22   23   22   21   20   19   18   18   18   18   18   19   19   20   20
   20   21   21   20   20   19   18   16   15   14   13   13   13   13   13   14
   14   15   16   17   19   22   25   28   31
    65.0-180.0 180.0   5.0 450.0                            LAT/LON1/LON2/DLON/H
   37   40   42   43   43   43   41   40   37   35   32   30   27   25   23   22
   21   22   23   24   25   25   25   23   22   20   18   17   17   17   18   20
   21   21   20   19   17   15   14   13   12   13   13   14   14   14   14   14
   15   15   16   16   16   15   14   13   13   12   12   13   14   16   17   18
   19   20   21   23   25   28   31   34   37
    62.5-180.0 180.0   5.0 450.0                            LAT/LON1/LON2/DLON/H
   45   47   49   49   48   47   45   43   40   37   34   31   28   25   23   21
   20   20   21   21   22   22   21   20   18   16   15   14   14   15   16   17
   18   18   17   15   13   11   10    9   10   10   11   11   11   11   10   10
   10   10   11   11   11   11   11   10   10   11   12   14   17   19   22   24
   26   27   29   30   32   35   38   41   45
    60.0-180.0 180.0   5.0 450.0                            LAT/LON1/LON2/DLON/H
   52   54   55   55   53   51   48   45   42   39   36   34   31   28   25   22
   21   19   19   18   18   17   16   15   13   12   11   11   11   12   13   14
   15   15   14   13   11   10    9   10   11   13   14   14   13   11    9    7
    7    7    7    8    8    8    8    8    8   10   12   15   19   23   27   31
   33   35   36   38   40   43   46   49   52
    57.5-180.0 180.0   5.0 450.0                            LAT/LON1/LON2/DLON/H
   59   61   62   61   58   55   51   47   44   41   38   36   33   31   28   25
   22   20   18   16   14   13   11   10    9    9    9   10   10   11   12   14
   14   15   15   14   13   13   14   16   19   21   22   21   19   15   12    9
    7    7    7    7    7    6    6    6    7    9   12   16   22   27   32   36
   39   42   43   45   47   50   53   56   59
    55.0-180.0 180.0   5.0 450.0                            LAT/LON1/LON2/DLON/H
   65   67   68   67   64   59   54   50   46   43   40   38   36   34   31   28
   25   22   18   15   12   10    8    7    8    9   10   11   13   14   15   16
   17   18   19   19   20   22   24   28   31   34   35   33   29   24   18   14
   11   10    9    9    8    7    6    6    6    9   12   18   24   30   36   41
   44   47   49   51   53   56   59   62   65
    52.5-180.0 180.0   5.0 450.0                            LAT/LON1/LON2/DLON/H
   71   73   74   73   70   66   60   54   49   46   43   41   40   38   35   32
   28   24   19   15   11    9    8    8   10   13   15   18   19   20   21   21
   23   24   26   28   31   34   37   42   47   50   50   47   41   34   28   22
   19   17   15   14   12    9    7    7    7   10   14   19   25   32   38   43
   47   50   53   55   58   61   64   67   71
    50.0-180.0 180.0   5.0 450.0                            LAT/LON1/LON2/DLON/H
   75   78   80   81   78   74   68   62   56   51   48   46   44   42   40   36
   32   27   22   17   14   12   12   14   17   21   26   29   30   30   30   29
   31   33   36   39   42   46   51   57   62   65   64   60   53   45   38   32
   29   26   24   21   17   14   11    9   10   12   16   21   28   34   40   45
   48   51   54   57   60   64   67   71   75
    47.5-180.0 180.0   5.0 450.0                            LAT/LON1/LON2/DLON/H
   78   82   86   88   87   84   78   72   65   60   56   52   50   47   45   41
   36   30   25   21   19   18   20   24   29   35   40   43   44   43   40   39
   40   42   45   49   53   58   63   68   73   76   75   71   63   55   48   42
   39   37   34   29   24   19   15   13   14   16   20   25   30   36   41   45
   48   51   54   57   61   66   70   74   78
    45.0-180.0 180.0   5.0 450.0                            LAT/LON1/LON2/DLON/H
   79   84   89   93   95   93   89   83   77   71   65   61   57   54   50   45
   39   34   29   27   27   29   32   38   44   51   56   59   59   55   51   48
   48   50   54   58   62   66   70   76   81   83   82   77   70   62   56   52
   49   47   43   38   31   25   20   18   18   21   25   30   34   39   43   46
   48   50   53   57   62   67   71   75   79
    42.5-180.0 180.0   5.0 450.0                            LAT/LON1/LON2/DLON/H
   79   84   90   95   99  100   97   93   87   81   75   70   65   61   56   50
   43   38   34   34   37   42   47   54   61   68   73   74   72   67   61   56
   55   56   59   63   66   70   74   78   83   86   85   80   73   66   61   59
   57   55   51   45   37   30   25   23   24   27   31   35   40   43   46   47
   48   49   52   56   62   68   72   75   79
    40.0-180.0 180.0   5.0 450.0                            LAT/LON1/LON2/DLON/H
   78   81   87   94   99  102  102   99   95   90   85   79   74   69   63   55
   48   42   40   43   49   56   63   70   77   82   86   86   82   75   67   61
   59   60   63   66   68   70   74   78   82   85   84   80   74   69   65   63
   63   61   57   50   42   35   29   27   29   32   37   42   46   48   50   50
   50   50   52   57   63   69   74   76   78
    37.5-180.0 180.0   5.0 450.0                            LAT/LON1/LON2/DLON/H
   77   79   84   90   96   99  101  100   98   95   90   86   81   76   70   62
   53   48   47   52   60   70   77   84   89   92   94   93   87   79   71   64
   62   63   65   67   68   69   72   76   80   83   83   79   74   69   67   65
   65   63   59   53   45   38   33   31   33   38   43   48   52   55   56   55
   54   53   55   60   67   73   77   77   77
    35.0-180.0 180.0   5.0 450.0                            LAT/LON1/LON2/DLON/H
   79   78   81   86   91   94   96   97   97   95   92   89   86   82   76   68
   60   54   55   61   71   81   88   92   95   96   97   94   88   79   71   65
   64   65   66   68   68   69   71   75   79   82   81   78   73   69   66   65
   64   62   59   53   46   40   35   34   36   41   48   54   58   61   62   62
   61   60   61   66   73   80   83   82   79
    32.5-180.0 180.0   5.0 450.0                            LAT/LON1/LON2/DLON/H
   86   83   83   86   89   90   91   92   92   92   90   88   88   86   82   75
   66   61   62   69   79   87   93   94   94   94   93   90   84   76   70   65
   65   66   68   69   68   69   71   74   79   81   80   77   72   68   65   62
   60   58   55   51   46   41   37   35   38   44   51   58   63   67   69   70
   70   69   70   76   84   91   94   91   86
    30.0-180.0 180.0   5.0 450.0                            LAT/LON1/LON2/DLON/H
   99   95   94   94   93   91   89   89   88   87   86   86   87   88   87   81
   73   68   69   75   83   89   91   90   88   86   84   81   77   72   67   65
   66   68   70   70   69   69   71   75   78   80   78   74   70   65   61   57
   53   51   49   47   44   40   36   35   38   44   53   61   67   72   76   80
   81   82   84   90   98  106  109  105   99
    27.5-180.0 180.0   5.0 450.0                            LAT/LON1/LON2/DLON/H
  119  114  113  112  108  102   97   93   90   86   83   83   85   89   90   86
   79   74   74   78   83   86   85   81   77   75   73   72   70   67   65   65
   67   70   71   71   70   70   72   75   77   77   74   69   65   60   55   49
   45   42   41   41   41   38   35   34   37   44   53   62   69   76   83   89
   94   97  100  106  116  124  128  124  119
    25.0-180.0 180.0   5.0 450.0                            LAT/LON1/LON2/DLON/H
  142  140  141  139  133  124  114  106   99   91   85   82   85   90   92   89
   84   79   77   79   80   79   75   70   65   63   63   63   63   63   64   65
   68   71   72   71   69   69   70   72   73   71   67   61   57   52   47   41
   35   32   33   36   37   36   33   32   35   43   53   62   70   78   88   98
  106  112  117  124  134  144  148  146  142
    22.5-180.0 180.0   5.0 450.0                            LAT/LON1/LON2/DLON/H
  166  169  173  173  166  154  141  130  118  105   93   87   87   92   94   92
   87   82   79   77   75   70   64   59   56   55   56   58   60   61   63   66
   68   70   69   68   66   65   66   67   66   62   56   51   46   43   38   32
   26   24   26   30   33   32   30   30   34   43   53   63   71   80   92  106
  119  128  134  142  152  161  166  166  166
    20.0-180.0 180.0   5.0 450.0                            LAT/LON1/LON2/DLON/H
  186  194  203  207  201  188  174  160  144  126  109   97   95   97   98   95
   89   83   79   75   69   62   56   53   52   52   55   57   60   62   64   66
   67   67   65   62   60   59   59   59   56   51   44   38   35   33   29   23
   18   17   20   25   29   29   28   28   34   43   55   64   72   82   96  113
  129  141  149  157  166  175  180  182  186
    17.5-180.0 180.0   5.0 450.0                            LAT/LON1/LON2/DLON/H
  198  212  226  234  230  219  205  192  174  152  130  114  107  106  103   98
   91   84   78   72   64   57   53   52   54   56   59   61   63   65   66   67
   65   62   59   55   53   52   51   50   46   40   32   26   24   23   22   17
   13   12   16   21   25   26   25   28   35   46   57   66   74   84   99  119
  138  152  160  167  175  183  187  191  198
    15.0-180.0 180.0   5.0 450.0                            LAT/LON1/LON2/DLON/H
  201  219  237  248  248  240  230  219  202  179  154  134  124  118  112  103
   93   85   78   71   63   57   56   59   63   66   68   69   69   70   70   68
   63   58   53   49   47   45   45   43   38   31   23   17   16   17   17   14
   11   11   15   19   22   23   24   29   38   50   62   70   77   87  103  125
  145  159  168  174  180  185  188  191  201
    12.5-180.0 180.0   5.0 450.0                            LAT/LON1/LON2/DLON/H
  195  215  236  249  251  247  242  237  224  202  176  156  143  134  124  110
   98   88   80   72   65   62   65   72   78   81   80   79   77   76   74   70
   63   55   49   45   43   42   41   39   35   27   19   13   12   14   15   14
   12   13   16   19   21   22   24   31   43   56   67   74   80   90  107  129
  150  164  171  175  179  182  182  185  195
    10.0-180.0 180.0   5.0 450.0                            LAT/LON1/LON2/DLON/H
  184  203  224  237  240  241  243  244  236  218  195  176  163  152  137  120
  105   93   84   76   71   72   79   88   95   97   94   89   86   83   79   73
   64   56   49   45   44   43   42   40   35   28   20   14   13   15   17   17
   16   16   18   20   21   22   26   35   48   62   72   78   84   95  112  133
  152  165  171  174  176  177  175  175  184
     7.5-180.0 180.0   5.0 450.0                            LAT/LON1/LON2/DLON/H
  174  190  207  218  222  226  233  241  240  227  208  192  181  169  153  132
  114  100   90   83   81   84   94  105  111  111  105   98   93   89   85   78
   68   59   52   49   48   48   47   44   40   34   26   19   17   19   22   22
   22   22   23   23   23   24   29   40   54   67   76   82   88   99  116  137
  154  164  169  171  173  172  168  167  174
     5.0-180.0 180.0   5.0 450.0                            LAT/LON1/LON2/DLON/H
  168  180  194  201  203  209  221  235  239  230  216  204  196  186  168  146
  125  110   99   92   91   98  109  120  124  121  113  105   99   95   90   83
   74   65   59   56   55   55   53   51   47   41   33   26   23   24   27   29
   29   28   27   26   25   26   33   45   59   71   79   84   91  103  120  139
  154  162  166  169  172  171  167  163  168
     2.5-180.0 180.0   5.0 450.0                            LAT/LON1/LON2/DLON/H
  171  180  189  192  193  199  214  230  237  232  221  212  208  200  183  160
  138  121  109  102  102  109  120  129  130  125  117  109  103   99   95   88
   80   72   66   64   63   61   59   55   52   46   39   32   29   29   32   34
   35   33   31   28   27   29   37   49   62   72   79   84   92  106  123  140
  153  159  164  168  173  174  171  168  171
