workspace/datasets/gnss/BRUX/codg0140.19i
     1.0            IONOSPHERE MAPS     GNSS                IONEX VERSION / TYPE
ADDNEQ2 V5.3        AIUB                18-JAN-19 20:17     PGM / RUN BY / DATE 
CODE'S GLOBAL IONOSPHERE MAPS FOR DAY 014, 2019             COMMENT             
Global ionosphere maps (GIM) are generated on a daily basis DESCRIPTION         
at CODE using data from about 300 GNSS sites of the IGS and DESCRIPTION         
other institutions. The vertical total electron content     DESCRIPTION         
(VTEC) is modeled in a solar-geomagnetic reference frame    DESCRIPTION         
using a spherical harmonics expansion up to degree and      DESCRIPTION         
order 15. Piece-wise linear functions are used for          DESCRIPTION         
representation in the time domain. The time spacing of      DESCRIPTION         
their vertices is 1 hour, conforming with the epochs of the DESCRIPTION         
VTEC maps.                                                  DESCRIPTION         
To convert line-of-sight TEC into vertical TEC, a modified  DESCRIPTION         
single-layer model mapping function approximating the JPL   DESCRIPTION         
extended slab model mapping function is adopted. The        DESCRIPTION         
mapping function is evaluated at geodetic satellite         DESCRIPTION         
elevation angles. For the computation of the ionospheric    DESCRIPTION         
pierce points, a spherical layer with a radius of 6821 km   DESCRIPTION         
is assumed, implying geocentric, not geodetic IONEX         DESCRIPTION         
latitudes.                                                  DESCRIPTION         
Instrumental biases with respect to each involved GNSS code DESCRIPTION         
observable are estimated as constant values for each        DESCRIPTION         
day. They are modeled with one set of bias parameters for   DESCRIPTION         
each satellite and each station in case of GPS and for each DESCRIPTION         
satellite-station link in case of GLONASS. The code bias    DESCRIPTION         
datum is defined by zero-mean conditions imposed on the     DESCRIPTION         
satellite bias estimates. In this file, just GPS C1W-C2W    DESCRIPTION         
satellite and station bias values are included. The         DESCRIPTION         
complete set of GNSS code bias results is provided in an    DESCRIPTION         
additional Bias-SINEX file as pseudo-absolute values        DESCRIPTION         
specific to each observable.                                DESCRIPTION         
Note: These GIM results correspond to the results for the   DESCRIPTION         
middle day of a 3-day combination analysis solving for 73   DESCRIPTION         
times 256, or 18688 VTEC parameters and 3 daily sets of     DESCRIPTION         
GNSS code bias parameters.                                  DESCRIPTION         
Contact address: code(at)aiub.unibe.ch                      DESCRIPTION         
Data archive:    ftp.aiub.unibe.ch/CODE/                    DESCRIPTION         
                 www.aiub.unibe.ch/download/CODE/           DESCRIPTION         
  2019     1    14     0     0     0                        EPOCH OF FIRST MAP  
  2019     1    15     0     0     0                        EPOCH OF LAST MAP   
  3600                                                      INTERVAL            
[...]
chur coco cord cpvg cpxf cro1 daej darw dav1 dgar drao dubo COMMENT             
ebre faa1 fair flin flrs frdn ftna func ganp glps glsv gmsd COMMENT             
gode godz gol2 gope gras graz guam guat guug harb hers hert COMMENT             
hlfx hnlc hnpt hob2 hofn holb hrao hyde iddr ieng iisc ineg COMMENT             
iqal irkj isba jog2 joz2 joze karr kerg kir0 kiru kit3 kokb COMMENT             
kokv kouc koug kour krgg lama laut lhaz lmmf lpal lpgs m0se COMMENT             
mac1 madr mag0 maju mana mas1 mat1 mate maui maw1 mcm4 mdo1 COMMENT             
mdvj medi mets mgue mizu mkea mnls mobj mobk mobs morp mqzg COMMENT             
mro1 mtka nain nano naur nico nist nium nklg nnor not1 nrc1 COMMENT             
nril nrmd ntus nya1 nyal ohi2 ohi3 onsa opmt ous2 pado park COMMENT             
pbri pdel penc pert pfa2 pie1 pimo pohn pol2 polv pots pove COMMENT             
prds ptag ptbb qaq1 quin rabt rbay reun reyk rgdg rio2 riop COMMENT             
roth salu samo sant savo sch2 scor scrz sctb seyg sfer shao COMMENT             
sofi spt0 sthl stjo stk2 str2 suth sutm suwn sydn syog tabl COMMENT             
tabv tash thtg thti thu2 thu3 tid1 tidb tixg tixi tlse tn22 COMMENT             
tong tow2 tro1 tsea tskb tuva twtf txes uclu ufpr ulab unb3 COMMENT             
unbj unbn unsa untr urum usn7 vald vill voim vtsp wab1 wab2 COMMENT             
wark wes2 wgtn whit will wind wsrt wtza wtzr wtzs xmis yakt COMMENT             
yar2 yar3 yarr ycba yell yssk zeck zim2 zim3 zimj zimm      COMMENT             
                                                            END OF HEADER       
[from data line 429]
     2                                                      START OF TEC MAP    
  2019     1    14     1     0     0                        EPOCH OF CURRENT MAP
    87.5-180.0 180.0   5.0 450.0                            LAT/LON1/LON2/DLON/H
   10   10   10   10   10   10   10   10   10   10   10    9    9    9    9    8
    8    8    7    7    6    6    5    5    4    4    4    3    3    3    2    2
    2    2    2    2    2    2    2    2    2    2    3    3    3    3    4    4
    4    4    5    5    5    5    6    6    6    6    7    7    7    7    8    8
    8    8    8    9    9    9    9    9   10
    85.0-180.0 180.0   5.0 450.0                            LAT/LON1/LON2/DLON/H
   13   14   14   14   15   15   15   15   16   16   15   15   15   15   14   14
   13   12   11   10    9    8    7    6    5    4    3    2    1    1    0    0
    0    0    0    0    0    0    0    1    1    2    2    3    3    4    4    5
    5    6    6    6    7    7    7    7    8    8    8    8    9    9    9   10
   10   10   11   11   12   12   12   13   13
    82.5-180.0 180.0   5.0 450.0                            LAT/LON1/LON2/DLON/H
   16   17   18   18   19   20   20   21   21   21   22   22   22   21   21   20
   20   19   17   16   14   13   11    9    7    6    4    3    1    0    0    0
    0    0    0    0    0    0    1    1    2    3    4    5    6    6    7    8
    8    9    9    9    9    9    9    9    9    9    9    9   10   10   10   11
   11   12   12   13   14   14   15   16   16
    80.0-180.0 180.0   5.0 450.0                            LAT/LON1/LON2/DLON/H
   19   19   20   21   22   23   24   25   25   26   27   27   28   28   28   27
   26   26   24   23   21   19   16   14   12    9    7    5    3    2    0    0
    0    0    0    0    1    2    3    4    5    6    7    8    9   10   10   11
   11   12   12   12   11   11   11   10   10   10    9    9   10   10   11   11
   12   13   14   15   15   16   17   18   19
    77.5-180.0 180.0   5.0 450.0                            LAT/LON1/LON2/DLON/H
   21   22   22   23   24   25   26   27   28   29   30   31   32   32   32   32
   32   31   30   29   27   25   22   20   17   14   11    8    6    4    3    3
    2    2    3    3    4    5    5    6    7    8    9   10   11   12   13   13
   14   14   14   14   13   12   11   11   10    9    9    9    9   10   11   12
   13   14   16   17   18   19   19   20   21
    75.0-180.0 180.0   5.0 450.0                            LAT/LON1/LON2/DLON/H
   23   24   24   25   25   26   27   28   29   30   31   32   33   33   34   34
   34   34   34   33   32   30   28   25   22   18   15   12   10    8    7    6
    6    6    6    7    7    7    8    8    8    9   10   10   11   12   13   14
   14   15   15   14   14   13   12   10    9    9    8    9    9   10   12   13
   15   17   18   20   21   22   23   23   23
    72.5-180.0 180.0   5.0 450.0                            LAT/LON1/LON2/DLON/H
   27   27   27   27   27   27   28   29   30   30   31   31   32   32   32   32
   33   34   34   35   34   33   31   28   25   22   18   15   13   11   10   10
   10   10   10    9    9    9    8    8    8    8    8    8    9   10   11   12
   13   14   14   14   13   13   11   10    9    8    8    9   10   12   14   16
   19   21   23   25   26   27   27   27   27
    70.0-180.0 180.0   5.0 450.0                            LAT/LON1/LON2/DLON/H
   32   31   30   29   29   28   29   29   29   30   30   29   29   28   28   28
   29   30   31   33   33   33   32   29   26   23   19   17   14   13   12   12
   12   12   12   11   10    8    7    6    5    4    4    5    6    7    8    9
   11   12   12   13   13   12   11   10    9    9    9   11   12   15   18   21
   24   27   29   31   32   33   33   33   32
    67.5-180.0 180.0   5.0 450.0                            LAT/LON1/LON2/DLON/H
   38   37   35   33   31   30   30   29   29   29   28   27   25   23   22   21
   22   24   26   28   29   30   29   27   25   22   18   16   14   13   13   13
   13   13   12   11    9    6    4    2    1    1    1    2    2    4    5    6
    7    9   10   11   11   11   11   11   10   11   12   14   17   20   24   27
   30   33   36   37   39   39   40   39   38
    65.0-180.0 180.0   5.0 450.0                            LAT/LON1/LON2/DLON/H
   45   43   41   38   35   33   31   30   29   28   27   25   22   19   16   15
   15   17   19   22   24   25   25   23   21   18   16   14   12   12   12   13
   13   13   12   10    7    4    1    0    0    0    0    0    1    2    3    3
    4    6    7    9   10   11   11   11   12   13   15   18   22   26   30   34
   37   40   42   44   45   46   46   46   45
    62.5-180.0 180.0   5.0 450.0                            LAT/LON1/LON2/DLON/H
   52   50   47   43   39   35   33   31   29   28   26   24   20   16   13   11
   10   11   13   16   18   19   18   17   15   14   12   11   10   11   11   12
   13   13   11    9    6    3    0    0    0    0    1    3    3    3    3    3
    3    4    5    7    9   10   11   12   14   16   19   23   28   33   37   41
   44   46   48   49   51   52   53   53   52
    60.0-180.0 180.0   5.0 450.0                            LAT/LON1/LON2/DLON/H
   59   58   54   50   44   39   35   31   29   28   26   24   20   16   12    9
    8    8   10   11   12   13   12   11   10    9    9    9   10   10   12   13
   13   14   13   11    8    5    3    2    3    5    8    9   10    9    7    5
    4    4    5    7    8   10   12   13   15   19   23   28   34   39   44   47
   50   51   52   54   55   57   59   60   59
    57.5-180.0 180.0   5.0 450.0                            LAT/LON1/LON2/DLON/H
   66   65   62   57   51   44   38   33   30   28   27   25   21   18   14   10
    9    8    8    9    8    8    7    6    6    7    8   10   11   12   14   15
   16   17   17   16   14   12   10   10   12   15   18   20   20   17   14   10
    8    6    6    7    9   11   12   14   17   21   26   32   39   44   49   52
   53   55   55   57   58   61   63   65   66
    55.0-180.0 180.0   5.0 450.0                            LAT/LON1/LON2/DLON/H
   71   71   69   65   58   50   42   36   31   29   27   26   24   20   17   14
   12   10    9    8    6    5    4    4    5    8   11   14   16   17   18   19
   21   23   24   24   23   22   21   22   25   28   31   33   32   28   23   18
   14   12   11   11   11   12   14   15   19   23   29   36   42   48   52   54
   56   57   58   59   61   64   66   69   71
    52.5-180.0 180.0   5.0 450.0                            LAT/LON1/LON2/DLON/H
   74   76   76   72   66   58   48   40   34   31   29   28   26   24   21   18
   16   14   12    9    6    4    4    5    9   13   18   22   24   24   24   25
   27   30   33   35   36   35   35   36   38   41   44   45   43   39   34   28
   23   20   18   17   16   16   16   17   21   25   31   38   44   49   53   55
   57   58   60   61   63   66   68   71   74
    50.0-180.0 180.0   5.0 450.0                            LAT/LON1/LON2/DLON/H
   75   79   80   79   74   66   57   47   39   34   32   30   29   27   25   22
   20   17   15   11    9    7    7   11   16   23   29   33   34   33   32   32
   34   39   43   47   49   49   49   49   51   53   55   55   53   49   44   39
   35   31   28   26   23   21   20   21   24   28   34   40   46   50   53   56
   57   59   62   64   66   68   70   72   75
    47.5-180.0 180.0   5.0 450.0                            LAT/LON1/LON2/DLON/H
   74   78   82   84   81   75   66   55   46   40   36   34   32   30   28   25
   22   20   17   15   13   12   15   20   28   36   43   46   45   42   39   38
   41   46   52   58   61   61   60   60   61   62   63   63   60   57   54   50
   47   44   41   36   32   28   25   26   28   32   37   42   47   50   53   55
   58   61   65   68   69   70   70   71   74
    45.0-180.0 180.0   5.0 450.0                            LAT/LON1/LON2/DLON/H
   71   75   80   84   85   81   74   64   55   47   42   39   36   33   30   27
   24   22   20   19   18   21   26   34   43   52   58   59   56   51   46   44
   46   52   59   66   69   70   69   68   67   67   67   66   65   63   62   61
   60   58   54   48   41   36   32   32   34   37   42   45   48   51   53   55
   59   63   68   71   73   72   70   69   71
    42.5-180.0 180.0   5.0 450.0                            LAT/LON1/LON2/DLON/H
   67   70   76   81   84   83   79   71   63   55   49   45   41   37   33   29
   26   24   23   24   26   31   39   50   60   68   72   71   65   57   50   47
   49   55   63   70   74   75   74   72   71   70   69   68   67   67   68   70
   72   70   66   59   50   44   40   39   41   44   47   49   51   52   54   56
   61   66   72   76   77   74   70   67   67
    40.0-180.0 180.0   5.0 450.0                            LAT/LON1/LON2/DLON/H
   65   66   70   74   79   81   79   75   69   62   57   52   47   42   36   32
   28   27   28   31   36   44   54   66   76   83   84   80   72   62   54   50
   51   57   64   71   75   76   75   74   73   72   71   69   69   70   73   77
   80   79   74   66   57   50   47   46   49   51   53   54   54   55   56   59
   64   70   76   81   82   78   73   68   65
    37.5-180.0 180.0   5.0 450.0                            LAT/LON1/LON2/DLON/H
   68   65   65   67   70   73   75   74   71   67   63   59   54   48   41   36
   33   32   35   40   47   57   69   81   90   94   92   86   76   65   56   52
   53   57   64   69   73   74   74   75   74   73   72   70   70   72   76   81
   84   83   78   70   61   54   52   53   56   58   58   58   58   59   61   64
   69   75   82   87   88   85   79   73   68
    35.0-180.0 180.0   5.0 450.0                            LAT/LON1/LON2/DLON/H
   77   70   65   62   62   64   68   70   71   69   68   65   61   55   48   42
   39   40   43   49   58   69   81   92  100  101   97   88   77   67   59   55
   55   58   62   66   69   71   72   74   75   75   74   72   72   73   77   81
   83   82   76   68   60   56   55   58   61   63   63   63   63   64   67   71
   76   82   89   94   96   95   90   84   77
    32.5-180.0 180.0   5.0 450.0                            LAT/LON1/LON2/DLON/H
   95   85   73   62   57   57   61   65   68   69   69   69   66   61   54   49
   47   48   52   58   66   77   88   98  104  103   96   87   77   68   62   58
   58   59   62   63   65   67   70   73   76   76   75   73   72   72   74   77
   77   75   69   62   56   54   56   61   65   67   67   67   68   71   75   80
   85   92   98  104  108  109  107  103   95
    30.0-180.0 180.0   5.0 450.0                            LAT/LON1/LON2/DLON/H
  122  108   90   73   61   57   58   62   65   68   70   71   70   66   60   56
   54   56   60   65   71   80   90   98  102   99   92   83   75   69   64   62
   61   62   62   61   61   63   67   71   75   76   74   72   70   69   69   68
   67   63   58   53   51   51   56   62   67   70   70   71   73   79   85   91
   97  103  110  117  122  127  129  129  122
    27.5-180.0 180.0   5.0 450.0                            LAT/LON1/LON2/DLON/H
  154  139  117   93   75   66   64   64   66   67   70   72   72   70   65   61
   60   61   64   67   72   78   86   92   94   91   85   77   72   68   67   66
   65   64   62   59   58   59   63   67   71   72   70   67   64   61   59   57
   54   50   46   44   44   48   54   62   68   71   73   75   80   88   96  104
  111  117  124  131  139  147  155  158  154
    25.0-180.0 180.0   5.0 450.0                            LAT/LON1/LON2/DLON/H
  186  173  149  123  101   87   79   75   72   71   72   74   75   73   68   65
   63   64   65   66   67   71   77   82   84   81   76   70   67   67   67   68
   67   65   61   57   54   54   57   61   64   64   61   58   54   51   48   44
   40   37   35   36   39   45   53   61   68   72   75   80   87   97  108  117
  125  132  139  147  156  167  179  187  186
    22.5-180.0 180.0   5.0 450.0                            LAT/LON1/LON2/DLON/H
  214  204  183  157  134  117  105   95   86   79   77   78   78   75   71   66
   64   63   62   60   59   61   66   71   73   71   66   63   62   64   66   67
   66   64   59   54   50   49   51   53   54   52   48   45   41   38   35   31
   28   27   27   30   36   43   52   61   68   74   79   86   95  107  119  130
  138  146  154  162  172  184  199  211  214
    20.0-180.0 180.0   5.0 450.0                            LAT/LON1/LON2/DLON/H
  233  228  211  190  170  153  137  121  105   93   87   85   83   80   74   68
   63   60   56   53   51   52   56   61   63   62   58   56   57   60   62   63
   63   60   56   50   45   43   43   43   41   38   33   29   26   24   22   21
   20   20   23   28   35   43   53   62   70   76   84   93  104  118  130  140
  149  157  165  173  182  194  210  225  233
    17.5-180.0 180.0   5.0 450.0                            LAT/LON1/LON2/DLON/H
  238  239  230  217  203  188  171  150  128  111  101   96   92   87   79   70
   63   57   52   48   45   46   51   56   58   56   53   52   53   55   57   58
   57   55   50   45   40   37   36   34   30   24   19   15   13   12   13   13
   15   17   22   28   36   45   54   63   72   80   89  101  114  127  139  149
  157  165  173  180  186  196  211  228  238
    15.0-180.0 180.0   5.0 450.0                            LAT/LON1/LON2/DLON/H
  232  237  236  232  227  217  200  176  150  130  118  111  105   97   87   77
   67   59   52   47   45   47   51   56   57   55   52   50   50   52   52   52
   50   48   45   40   36   33   30   26   21   14    7    4    3    4    6   10
   13   18   23   30   38   47   56   65   75   85   96  108  122  136  146  154
  162  169  176  180  184  191  203  219  232
    12.5-180.0 180.0   5.0 450.0                            LAT/LON1/LON2/DLON/H
  216  225  231  236  239  235  220  196  169  148  135  127  120  111  100   87
   76   66   58   53   52   54   58   61   61   58   54   51   50   50   49   47
   45   43   40   37   34   30   27   23   16    8    2    0    0    0    4   10
   15   20   26   33   40   49   58   68   78   89  101  115  130  142  151  157
  162  168  173  176  177  180  189  202  216
    10.0-180.0 180.0   5.0 450.0                            LAT/LON1/LON2/DLON/H
  196  207  217  229  240  241  229  206  181  162  151  144  136  127  115  102
   90   79   71   66   65   67   69   71   69   64   59   55   54   52   49   45
   42   39   38   36   33   31   28   23   16    8    1    0    0    1    6   12
   18   23   28   35   42   52   62   72   82   93  106  120  134  146  154  158
  160  164  168  169  167  167  173  184  196
     7.5-180.0 180.0   5.0 450.0                            LAT/LON1/LON2/DLON/H
  180  190  202  218  232  238  229  209  188  172  163  158  151  142  132  120
  108   98   90   85   83   83   83   82   78   72   66   63   60   57   53   47
   42   39   38   37   36   34   31   26   20   12    6    2    2    5   11   16
   22   26   30   36   44   54   65   76   86   96  108  121  136  148  154  157
  158  160  162  162  159  158  161  170  180
     5.0-180.0 180.0   5.0 450.0                            LAT/LON1/LON2/DLON/H
  172  179  191  207  223  230  224  207  189  178  173  169  163  155  147  138
  128  119  111  106  103  100   96   91   85   80   75   71   69   65   59   52
   45   42   41   41   40   39   36   31   25   19   13    9    9   12   16   21
   25   27   30   36   45   57   69   80   89   97  108  120  135  147  153  155
  155  157  158  158  156  155  158  165  172
     2.5-180.0 180.0   5.0 450.0                            LAT/LON1/LON2/DLON/H
  175  179  187  201  216  223  218  204  190  182  179  176  171  165  159  153
  147  139  132  126  120  113  105   97   91   86   82   80   78   74   67   58
   51   47   45   45   45   43   40   36   30   25   20   16   16   18   22   25
   27   28   31   37   47   60   73   83   91   97  105  117  131  144  152  154
  155  156  159  160  160  161  165  170  175
